Input line 1: 892376
RA (J2000),Dec (J2000),Master ID,Kepler_ID,Data Availability,Seasons on CCD,Teff,Log_G,E(B-V),g,r,J,kepmag,GALEX NUV,ID_IRT,J_IRT,gr,gi,gK,gJ,GALEX FUVNUV,NUVg,Contamination season 0,Flux Fraction season 0,Edge_Distance_0 (px),Module_0,Module_1,Module_2,Module_3,Ug_KIS,gr_KIS,gi_KIS,BV_UBV,UB_UBV,gJ_KIS_IRT,V_UBV,g_KIS,r_KIS,class_g_KIS,Condition flag,ID_SDSS,u_SDSS,g_SDSS,r_SDSS,i_SDSS,z_SDSS,ug_SDSS,gr_SDSS,gi_SDSS,Ang Sep (')
ra,dec,string,integer,integer,integer,integer,float,float,float,float,float,float,float,string,float,float,float,float,float,float,float,float,float,integer,integer,integer,integer,integer,float,float,float,float,float,float,float,float,float,integer,string,integer,float,float,float,float,float,float,float,float,float
19 24 15.331,+36 38 08.92,892376-Kepler,892376,2,4,3813,4.471,0.026,15.476,14.093,11.555,13.960,,,,1.383,2.165,4.755,3.921,,,0.040,0.713,50,2,16,24,10,1.853,1.401,2.518,,,,,15.391,13.990,-1,,1237668679391774146,17.997,15.446,14.032,13.449,12.781,2.551,1.414,1.997,2.038e-4
Input line 2: 1026146
19 24 16.819,+36 46 50.16,1026146-Kepler,1026146,2,4,4261,4.573,0.065,16.534,15.399,13.589,15.439,,44117921623849,13.524,1.135,1.565,3.695,2.945,,,0.142,0.626,125,2,16,24,10,1.683,1.139,1.862,1.085,1.022,2.901,15.971,16.425,15.286,-1,,1237668679391773122,18.866,16.441,15.365,14.938,14.654,2.425,1.077,1.504,1.602e-4
19 24 16.482,+36 46 45.65,1026140-Kepler,1026140,0,4,,,,18.275,17.251,16.476,17.235,,,,1.024,1.486,2.672,1.799,,,0.594,0.609,123,2,16,24,10,,,,0.825,,,18.614,,,,,,,,,,,,,,0.101
Input line 3: 1026474
19 24 35.784,+36 43 25.75,1026474-Kepler,1026474,2,4,4122,4.562,0.057,16.452,15.360,13.170,15.278,,44117921621958,13.215,1.092,1.677,4.071,3.282,,,0.380,0.542,135,2,16,24,10,1.280,1.215,2.144,,,3.418,,16.633,15.418,1,,1237668679391774383,18.570,16.412,15.277,14.588,14.331,2.158,1.134,1.824,8.022e-4
19 24 35.762,+36 43 19.31,1026473-Kepler,1026473,2,4,5041,3.415,0.190,14.625,13.754,12.118,13.793,,44117921621957,12.044,0.871,1.188,3.181,2.507,,,0.073,0.714,133,2,16,24,10,1.369,0.936,1.543,0.968,0.833,2.519,14.205,14.563,13.627,-1,Red_giant,1237668679391774382,16.764,14.552,13.709,13.386,13.175,2.212,0.843,1.166,0.107
19 24 36.166,+36 43 31.54,1026480-Kepler,1026480,0,4,,,,18.226,16.693,16.298,16.611,,44117921621905,17.494,1.533,2.306,1.864,1.928,,,0.666,0.638,135,2,16,24,10,,,,0.763,,,19.439,,,,,,,,,,,,,,0.124
19 24 36.169,+36 43 32.58,1026481-Kepler,1026481,0,4,,,,17.804,17.002,16.298,17.031,,,,0.802,1.103,1.442,1.506,,,0.801,0.630,136,2,16,24,10,,,,,,,,,,,,,,,,,,,,,0.138
Input line 4: 1162635
19 25 20.362,+36 48 23.18,1162635-Kepler,1162635,2,4,3899,4.616,0.051,17.246,15.924,13.537,15.802,,44117921645033,13.514,1.322,2.063,4.573,3.709,,,0.084,0.479,126,2,16,24,10,1.916,1.441,2.495,1.266,1.294,3.707,16.622,17.221,15.780,-1,,1237672003686895180,19.915,17.263,15.844,15.130,14.711,2.651,1.420,2.134,3.507e-4
Input line 5: 1164102
19 26 36.230,+36 50 12.62,1164102-Kepler,1164102,2,4,4045,4.621,0.047,16.550,15.287,13.275,15.274,,44117921617553,13.169,1.263,1.823,4.121,3.275,,,0.469,0.712,26,2,16,24,10,,,,1.221,,,16.004,,15.966,0,,1237668679928777572,19.278,16.601,15.266,14.710,14.386,2.677,1.335,1.891,8.709e-5
19 26 36.531,+36 50 11.75,1164106-Kepler,1164106,0,4,,,,18.850,17.521,13.275,17.654,,44117921617555,18.479,1.329,1.920,6.420,5.575,,,0.879,0.588,25,2,16,24,10,,,,,,,19.414,,,,,,,,,,,,,,0.062
19 26 35.733,+36 50 13.82,1164093-Kepler,1164093,0,4,,,,19.453,18.704,,18.731,,,,0.749,1.031,,,,,0.943,0.560,27,2,16,24,10,,,,,,,,,,,,,,,,,,,,,0.101
19 26 36.473,+36 50 06.68,1164105-Kepler,1164105,0,4,6139,4.322,0.275,17.863,17.324,16.176,17.328,,44117921617601,16.081,0.539,0.765,2.427,1.687,,,0.785,0.483,25,2,16,24,10,0.684,0.718,1.201,0.659,0.313,1.863,17.741,17.944,17.226,-1,,1237668679928777577,19.468,17.909,17.291,17.109,16.980,1.559,0.617,0.800,0.110
19 26 35.641,+36 50 13.93,1164090-Kepler,1164090,0,4,,,,19.969,19.145,,19.152,,44117921617538,17.890,0.824,1.171,,,,,0.921,0.475,28,2,16,24,10,1.052,0.863,1.422,,,2.117,,20.007,19.144,-1,,1237668679928777595,22.125,20.003,22.065,20.219,18.888,2.122,-2.062,-0.216,0.120
Input line 6: 1292688
19 23 40.855,+36 55 01.81,1292688-Kepler,1292688,2,4,3927,4.859,0.041,17.290,15.986,13.519,15.823,,44117921627146,13.500,1.304,2.096,4.585,3.771,,,0.139,0.618,100,2,16,24,10,1.696,1.463,2.616,1.261,1.175,3.869,16.725,17.369,15.906,-1,,1237672003686760742,19.946,17.390,15.987,15.162,14.713,2.556,1.403,2.228,9.600e-4
Input line 7: 1297303
19 27 50.035,+36 59 58.60,1297303-Kepler,1297303,2,4,4296,4.605,0.066,16.567,15.415,13.650,15.494,,44117921961312,13.620,1.152,1.534,3.629,2.917,,,0.080,0.566,32,2,16,24,10,1.772,1.235,1.948,1.073,1.365,2.908,16.070,16.528,15.293,-1,,1237672004223895740,19.110,16.531,15.369,14.952,14.732,2.579,1.162,1.578,9.368e-4
Input line 8: 1429921
19 23 20.136,+37 04 28.96,1429921-Kepler,1429921,2,4,4217,4.723,0.061,16.949,15.775,13.932,15.828,,44117921903716,13.892,1.174,1.601,3.760,3.017,,,0.185,0.655,125,2,16,24,10,1.906,1.292,2.064,1.160,1.263,3.064,16.484,16.956,15.664,-1,,1237672003686697423,19.598,17.015,15.755,15.280,15.010,2.582,1.261,1.735,7.768e-4
19 23 19.829,+37 04 27.08,1429910-Kepler,1429910,0,4,,,,19.205,18.309,16.031,18.334,,,,0.896,1.245,4.043,3.174,,,0.857,0.663,124,2,16,24,10,,,,,,,,,,,,,,,,,,,,,0.069
19 23 19.673,+37 04 25.90,1429905-Kepler,1429905,0,4,,,,,,16.030,,,44117921903685,16.126,,,,,,,,,124,2,16,24,10,,1.572,2.941,,,4.366,19.871,20.492,18.920,-1,Null_kepmag,1237672003686697426,24.262,20.665,19.003,17.987,17.442,3.596,1.662,2.679,0.106
Input line 9: 1430349
19 23 45.502,+37 00 22.90,1430349-Kepler,1430349,2,4,4285,4.535,0.062,16.193,15.073,13.291,15.142,,44117921873833,13.271,1.120,1.501,3.624,2.902,,,0.107,0.733,155,2,16,24,10,1.753,1.208,1.910,1.098,1.153,2.848,15.681,16.119,14.911,-1,,1237672003686762162,18.704,16.148,15.019,14.613,14.384,2.555,1.129,1.535,3.498e-4
Input line 10: 1430893
19 24 20.801,+37 04 21.22,1430893-Kepler,1430893,2,4,3956,4.408,0.059,16.765,15.424,13.276,15.410,,44117921875573,13.217,1.341,1.936,4.297,3.489,,,0.083,0.475,278,2,16,24,10,1.992,1.396,2.283,1.243,1.194,3.452,16.140,16.669,15.273,-1,,1237668679928579009,19.432,16.763,15.396,14.777,14.437,2.669,1.368,1.986,1.729e-4
19 24 21.439,+37 04 23.45,1430902-Kepler,1430902,0,4,,,,19.530,18.823,16.053,18.856,,44117921875580,16.104,0.707,0.964,4.293,3.477,,,0.734,0.531,280,2,16,24,10,,1.621,2.839,,,4.274,19.638,20.378,18.757,-1,,1237668679928579014,24.297,20.513,18.912,17.928,17.422,3.784,1.602,2.586,0.133
Input line 11: 1431060
19 24 30.751,+37 02 16.55,1431060-Kepler,1431060,2,4,4195,4.706,0.051,16.550,15.350,13.574,15.439,,44117921874663,13.548,1.200,1.586,3.756,2.976,,,0.101,0.662,286,2,16,24,10,1.957,1.218,1.908,1.171,1.339,2.903,15.988,16.451,15.233,-1,,1237668679928580675,19.146,16.488,15.324,14.910,14.663,2.659,1.164,1.578,2.418e-4
19 24 31.144,+37 02 14.49,1431064-Kepler,1431064,0,4,,,,19.489,18.717,,18.747,,,,0.772,1.060,,,,,0.923,0.627,287,2,16,24,10,,,,,,,,,,,,,,,,,,,,,0.086
Input line 12: 1431116
19 24 33.840,+37 03 31.64,1431116-Kepler,1431116,2,4,4341,4.608,0.030,14.432,13.345,11.685,13.426,,44117921875257,11.616,1.087,1.437,3.468,2.747,,,0.041,0.728,303,2,16,24,10,1.789,1.144,1.764,1.052,1.147,2.719,13.951,14.335,13.191,-1,,1237668679928579407,16.938,14.780,14.816,13.225,12.995,2.158,-0.036,1.555,6.667e-5
19 24 34.312,+37 03 25.87,1431125-Kepler,1431125,0,4,,,,18.683,18.362,16.787,18.414,,44117921875186,16.920,0.321,0.385,2.387,1.896,,,0.910,0.598,304,2,16,24,10,1.553,0.994,1.572,0.944,,2.450,19.039,19.370,18.376,-1,,,,,,,,,,,0.135
Input line 13: 1432700
19 25 55.042,+37 02 54.02,1432700-Kepler,1432700,2,4,4305,4.604,0.079,16.859,15.886,14.006,15.843,,44117921879054,14.031,0.973,1.451,3.628,2.853,,,0.164,0.591,254,2,16,24,10,1.822,1.345,2.167,1.164,,3.259,16.728,17.290,15.945,-1,,1237668679928709844,19.922,17.174,15.979,15.393,15.167,2.747,1.195,1.781,3.262e-4
19 25 55.204,+37 03 01.63,1432703-Kepler,1432703,0,4,,,,19.418,18.918,16.131,18.959,,,,0.500,0.657,3.723,3.287,,,0.953,0.606,256,2,16,24,10,,,,,,,,,,,,,,,,,,,,,0.131
19 25 54.828,+37 03 01.80,1432693-Kepler,1432693,0,4,6442,4.321,0.275,17.757,17.218,16.131,17.305,,44117921879019,16.119,0.539,0.645,2.062,1.626,,,0.661,0.540,257,2,16,24,10,0.388,0.612,1.047,0.623,0.094,1.572,17.428,17.691,17.079,-1,,1237668679928709867,18.894,17.609,17.176,17.013,16.913,1.285,0.433,0.596,0.136
Input line 14: 1432745
19 25 57.158,+37 04 23.12,1432745-Kepler,1432745,2,4,4354,4.595,0.028,14.194,13.130,11.490,13.208,,44117921879337,11.418,1.064,1.409,3.409,2.704,,,0.021,0.788,269,2,16,24,10,1.709,1.120,1.748,1.034,1.097,2.662,13.686,14.080,12.960,-1,,1237668679928709829,16.666,14.610,14.506,15.106,12.747,2.056,0.104,-0.496,3.261e-4
Input line 15: 1435229
19 28 07.154,+37 01 17.87,1435229-Kepler,1435229,2,4,4050,4.520,0.040,15.838,14.557,12.596,14.586,,44117921929926,12.563,1.281,1.788,4.037,3.242,,,0.062,0.756,21,2,16,24,10,1.824,1.344,2.174,1.210,1.261,3.236,15.312,15.799,14.455,-1,,1237672004223959869,18.406,15.849,14.564,14.039,13.738,2.557,1.285,1.810,8.789e-4
Input line 16: 1569682
19 22 20.501,+37 09 51.70,1569682-Kepler,1569682,2,4,3929,4.693,0.041,16.882,15.559,13.384,15.488,,44117921725002,13.357,1.323,1.992,4.347,3.498,,,0.118,0.625,18,2,16,24,10,1.863,1.472,2.470,,,3.625,,16.982,15.510,1,,1237672003686566870,19.725,17.037,15.634,14.915,14.568,2.688,1.403,2.122,1.510e-4
19 22 20.764,+37 09 47.85,1569688-Kepler,1569688,0,4,,,,19.621,19.296,13.384,19.345,,,,0.325,0.395,7.086,6.237,,,0.936,0.636,19,2,16,24,10,,,,,,,,,,,,,,,,,,,,,0.083
19 22 20.830,+37 09 47.12,1569689-Kepler,1569689,0,4,,,,20.033,19.096,,19.088,,44117921725017,18.486,0.937,1.353,,,,,0.899,0.563,19,2,16,24,10,0.539,0.682,1.207,,,1.833,,20.319,19.637,-1,,1237672003686566872,21.668,20.317,19.779,19.483,19.497,1.351,0.538,0.834,0.101
Input line 17: 1569863
19 22 30.360,+37 08 33.68,1569863-Kepler,1569863,2,4,3809,4.448,0.057,17.406,15.974,13.278,15.856,,44117921905665,13.455,1.432,2.214,4.888,4.128,,,0.113,0.569,33,2,16,24,10,1.878,1.478,2.658,1.255,1.022,3.982,16.843,17.437,15.959,-1,,1237672003686629849,20.247,17.488,16.015,15.165,14.708,2.758,1.473,2.323,6.667e-5
Input line 18: 1570915
19 23 26.796,+37 09 18.25,1570915-Kepler,1570915,2,4,4055,4.563,0.028,15.083,13.810,11.900,13.863,,44117921628118,11.811,1.273,1.743,3.955,3.183,,,0.037,0.767,181,2,16,24,10,1.836,1.317,2.127,1.152,1.168,3.224,14.532,15.035,13.718,-1,,1237668679928512845,17.627,15.150,13.931,13.645,13.078,2.477,1.219,1.506,7.738e-4
Input line 19: 1571364
19 23 51.291,+37 09 10.19,1571364-Kepler,1571364,2,4,4404,4.602,0.048,15.397,14.350,12.704,14.421,,44117921602001,12.618,1.047,1.394,3.366,2.693,,,0.048,0.727,242,2,16,24,10,1.693,1.116,1.761,0.936,1.015,2.720,14.981,15.338,14.222,-1,,1237668679928513849,17.778,15.389,14.335,13.981,13.790,2.388,1.055,1.408,1.089e-4
Input line 20: 1572802
19 25 10.997,+37 09 21.10,1572802-Kepler,1572802,2,4,3990,4.484,0.054,16.681,15.390,13.143,15.329,,44117921637178,13.112,1.291,1.931,4.400,3.538,,,0.114,0.620,408,2,16,24,10,1.764,1.350,2.287,1.204,1.036,3.551,16.064,16.663,15.313,-1,,1237668679928643691,19.229,16.690,15.401,14.756,14.358,2.539,1.289,1.934,6.648e-4
19 25 10.885,+37 09 26.11,1572798-Kepler,1572798,0,4,,,,19.643,18.536,,18.506,,,,1.107,1.625,,,,,0.883,0.668,409,2,16,24,10,,,,,,,,,,,,,,,,,,,,,0.087
19 25 10.703,+37 09 16.95,1572796-Kepler,1572796,0,4,,,,,18.740,,18.740,,,,,,,,,,0.863,0.584,407,2,16,24,10,,,,,,,,,,,,,,,,,,,,,0.091
Input line 21: 1573478
19 25 43.389,+37 09 06.19,1573478-Kepler,1573478,2,4,4233,4.552,0.067,16.578,15.483,13.724,15.521,,44117921640515,13.776,1.095,1.509,3.600,2.854,,,0.114,0.685,352,2,16,24,10,1.795,1.191,1.911,1.120,1.165,2.896,16.209,16.672,15.481,-1,,1237672004223764767,19.375,16.798,15.603,15.165,14.883,2.577,1.195,1.633,1.089e-4
19 25 43.283,+37 09 00.66,1573476-Kepler,1573476,0,4,,,,20.099,19.337,,19.352,,,,0.762,1.072,,,,,0.922,0.683,351,2,16,24,10,,,,,,,,,,,,,,,,,,,,,0.095
Input line 22: 1577265
19 28 48.360,+37 10 37.70,1577265-Kepler,1577265,2,4,4023,4.642,0.052,16.895,15.689,13.442,15.568,,44117921540515,13.387,1.206,1.896,4.260,3.453,,,0.123,0.566,75,2,16,24,10,1.381,1.263,2.247,1.141,0.701,3.442,16.359,16.829,15.566,-1,,1237668680465776751,19.032,16.955,15.755,15.086,14.673,2.077,1.200,1.869,6.667e-5
Input line 23: 1718071
19 22 49.411,+37 14 51.50,1718071-Kepler,1718071,2,4,3947,4.540,0.054,17.070,15.709,13.590,15.708,,44117921630387,13.550,1.361,1.946,4.317,3.480,,,0.202,0.548,132,2,16,24,10,1.885,1.407,2.317,1.286,1.226,3.434,16.500,16.984,15.577,-1,,1237668679928447009,19.716,17.099,15.694,15.095,14.770,2.617,1.404,2.004,2.479e-4
19 22 49.773,+37 14 49.36,1718078-Kepler,1718078,0,4,,,,,15.990,15.979,15.990,,,,,,,,,,0.278,0.605,133,2,16,24,10,,,,,,,,,,,,,,,,,,,,,0.081
Input line 24: 1721911
19 26 28.961,+37 13 38.21,1721911-Kepler,1721911,2,4,3833,4.577,0.038,16.682,15.301,12.914,15.184,,44117921612080,12.867,1.381,2.139,4.663,3.768,,,0.072,0.654,337,2,16,24,10,1.047,2.001,2.646,1.366,1.162,4.717,16.074,17.584,15.583,-1,,1237672004223764040,19.941,17.157,15.333,14.541,14.096,2.784,1.824,2.616,1.627e-4
19 26 28.476,+37 13 32.77,1721900-Kepler,1721900,0,4,,,,18.762,18.221,,18.263,,44117921612004,16.647,0.541,0.713,,,,,0.685,0.497,337,2,16,24,10,0.763,0.789,1.308,0.862,0.222,1.954,18.330,18.601,17.812,-1,,1237672004223764043,20.206,18.610,17.913,17.695,17.593,1.597,0.696,0.915,0.132
Input line 25: 1722506
19 26 57.862,+37 12 00.72,1722506-Kepler,1722506,2,4,4270,4.434,0.041,14.724,13.699,11.910,13.716,,44117921572748,11.854,1.025,1.440,3.548,2.814,,,0.032,0.755,269,2,16,24,10,1.643,1.128,1.857,1.033,1.019,2.881,14.398,14.735,13.607,-1,,1237672004223828764,17.111,14.751,13.734,14.769,13.014,2.360,1.016,-0.018,3.186e-4
19 26 57.231,+37 12 04.04,1722494-Kepler,1722494,0,4,,,,,18.380,,18.380,,,,,,,,,,0.791,0.495,272,2,16,24,10,,,,,,,,,,,,,,,,,,,,,0.137
Input line 26: 1849590
19 05 00.694,+37 18 43.06,1849590-Kepler,1849590,2,4,4070,4.402,0.046,15.784,14.527,12.570,14.555,,44117921701206,12.513,1.257,1.756,4.028,3.214,,,0.079,0.796,22,6,22,20,4,1.809,1.329,2.169,,,3.242,,15.755,14.426,-1,,,,,,,,,,,7.189e-4
19 05 00.443,+37 18 45.14,1849584-Kepler,1849584,0,4,,,,15.530,,12.571,18.450,,,,,-2.920,3.774,2.959,,,0.918,0.501,24,6,22,20,4,,,,,,,,,,,,,,,,,,,,,0.060
Input line 27: 1865663
19 23 19.342,+37 23 13.49,1865663-Kepler,1865663,2,4,4230,4.816,0.029,15.289,14.145,12.282,14.168,,44117921395530,12.234,1.144,1.602,3.713,3.007,,,0.258,0.814,256,2,16,24,10,1.700,1.450,2.191,1.191,1.263,3.227,14.821,15.461,14.011,1,,1237672004223501250,17.995,15.343,14.109,13.645,13.402,2.652,1.234,1.697,3.196e-4
19 23 19.729,+37 23 14.80,1865673-Kepler,1865673,0,4,,,,17.797,16.802,15.877,16.825,,44117921395529,16.306,0.995,1.390,4.750,1.920,,,0.761,0.551,258,2,16,24,10,1.325,1.115,1.757,1.003,,2.635,18.456,18.941,17.826,1,,1237672004223501251,21.077,18.890,17.950,17.580,17.415,2.187,0.940,1.310,0.080
19 23 19.626,+37 23 17.28,1865669-Kepler,1865669,0,4,,,,,17.250,15.877,17.250,,,,,,,,,,0.773,0.543,257,2,16,24,10,,,,,,,,,,,,,,,,,,,,,0.085
19 23 19.088,+37 23 19.22,1865654-Kepler,1865654,0,4,,,,,19.360,,19.360,,,,,,,,,,0.953,0.482,256,2,16,24,10,,,,,,,,,,,,,,,,,,,,,0.108
Input line 28: 1866535
19 24 06.523,+37 21 07.52,1866535-Kepler,1866535,2,4,3878,4.502,0.045,16.709,15.344,12.846,15.268,,44117921606972,13.058,1.365,2.059,4.588,3.863,,,0.126,0.734,360,2,16,24,10,1.934,1.392,2.390,1.255,1.237,3.534,16.056,16.592,15.200,-1,,1237672004223566688,19.354,16.705,15.289,14.590,14.254,2.649,1.416,2.116,6.394e-4
Input line 29: 1866924
19 24 31.749,+37 21 35.96,1866924-Kepler,1866924,2,4,4117,4.575,0.035,15.489,14.261,12.320,14.295,,44117921607186,12.329,1.228,1.706,3.890,3.169,,,0.035,0.712,395,2,16,24,10,1.963,1.302,2.083,1.172,1.339,3.083,14.924,15.412,14.110,-1,,1237672004223567606,18.136,15.467,14.203,13.714,13.460,2.670,1.264,1.752,1.230e-4
Input line 30: 1866986
19 24 35.503,+37 19 00.01,1866986-Kepler,1866986,2,4,3832,4.516,0.038,16.484,15.131,12.624,14.969,,44117921605937,12.563,1.353,2.165,4.722,3.860,,,0.108,0.660,434,2,16,24,10,2.217,1.418,2.538,1.293,1.321,3.860,15.878,16.423,15.005,-1,,1237672004223631815,19.118,16.517,15.104,14.300,13.861,2.601,1.413,2.217,6.371e-4
Input line 31: 1867358
19 24 57.605,+37 19 53.72,1867358-Kepler,1867358,2,4,3807,4.722,0.044,17.538,16.161,13.612,15.973,,44117921635717,13.537,1.377,2.235,4.735,3.926,,,0.113,0.489,459,2,16,24,10,1.916,1.456,2.636,1.389,1.162,3.975,16.917,17.512,16.056,-1,,1237672004223633889,20.328,17.607,16.135,15.275,14.805,2.721,1.472,2.333,9.327e-4
Input line 32: 1868579
19 26 06.648,+37 18 02.30,1868579-Kepler,1868579,2,4,4069,4.672,0.053,16.949,15.693,13.685,15.696,,44117921609690,13.643,1.256,1.790,4.039,3.264,,,0.126,0.592,429,2,16,24,10,1.926,1.373,2.240,1.273,1.302,3.321,16.443,16.964,15.591,-1,,1237672004223764791,19.750,17.070,15.730,15.123,14.808,2.680,1.341,1.947,4.033e-4
Input line 33: 1870952
19 28 06.614,+37 22 44.69,1870952-Kepler,1870952,2,4,3947,4.686,0.041,16.774,15.447,13.285,15.396,,44117921343235,13.228,1.327,1.969,4.313,3.489,,,0.225,0.668,99,2,16,24,10,1.867,1.412,2.393,1.303,1.229,3.585,16.258,16.813,15.401,-1,,1237672004760764865,19.473,16.872,15.472,14.799,14.433,2.600,1.401,2.074,8.747e-4
19 28 06.204,+37 22 39.76,1870942-Kepler,1870942,0,4,,,,18.913,17.865,,17.884,,44117921343281,17.209,1.048,1.471,,,,,0.778,0.474,101,2,16,24,10,1.276,0.955,1.538,0.878,,2.310,19.147,19.519,18.564,-1,,1237672004760764868,21.927,19.533,18.686,18.354,18.253,2.394,0.846,1.178,0.115
Input line 34: 1871120
19 28 14.191,+37 18 42.16,1871120-Kepler,1871120,2,4,4011,4.723,0.025,15.429,14.168,12.009,14.110,,44117921544532,11.957,1.261,1.884,4.247,3.420,,,0.066,0.732,112,2,16,24,10,1.958,1.364,2.309,1.226,1.293,3.493,14.917,15.450,14.086,-1,,1237668680465712129,18.160,15.531,14.190,16.800,13.214,2.629,1.341,-1.269,2.022e-4
Input line 35: 1872885
19 29 45.694,+37 20 47.44,1872885-Kepler,1872885,2,4,3688,4.324,0.058,17.315,15.951,12.993,15.610,,44117921583059,12.914,1.364,2.436,5.252,4.322,,,0.143,0.661,115,2,16,24,10,1.683,1.413,2.811,1.292,0.988,4.423,16.748,17.337,15.924,-1,,1237672004760896212,19.821,17.371,15.978,14.912,14.304,2.450,1.393,2.459,7.186e-4
19 29 46.040,+37 20 41.70,1872893-Kepler,1872893,0,4,,,,,,,,,,,,,,,,,,,114,2,16,24,10,,,,,,,,,,,Null_kepmag,,,,,,,,,,0.118
Input line 36: 1873523
19 30 19.584,+37 19 28.85,1873523-Kepler,1873523,2,4,4026,4.735,0.046,16.879,15.590,13.489,15.545,,44117921547555,13.430,1.289,1.906,4.174,3.390,,,0.113,0.604,44,2,16,24,10,1.850,1.373,2.255,,,3.399,16.270,16.829,15.456,-1,,1237672004760898186,19.519,16.871,15.522,14.944,14.633,2.647,1.349,1.928,7.959e-4
Input line 37: 1873543
19 30 20.297,+37 23 43.69,1873543-Kepler,1873543,2,4,3702,4.520,0.027,16.068,14.716,11.939,14.444,,44117921339562,11.893,1.352,2.320,4.960,4.129,,,0.074,0.634,98,2,16,24,10,1.896,1.425,2.724,1.327,1.221,4.179,15.474,16.072,14.647,-1,,1237668681002715182,18.829,16.172,14.737,13.751,13.230,2.657,1.434,2.421,6.364e-4
19 30 20.533,+37 23 48.15,1873546-Kepler,1873546,0,4,,,,17.640,,,17.440,,,,,0.200,,,,,0.765,0.572,98,2,16,24,10,,,,,,,,,,,,,,,,,,,,,0.088
19 30 20.622,+37 23 48.93,1873548-Kepler,1873548,0,4,,,,18.722,18.321,,18.370,,44117921339496,17.379,0.401,0.504,,,,,0.902,0.603,98,2,16,24,10,0.543,0.704,1.226,0.652,,1.924,18.965,19.303,18.599,-1,,1237668681002715188,20.702,19.281,18.701,18.420,18.347,1.421,0.580,0.861,0.108
19 30 20.920,+37 23 40.48,1873550-Kepler,1873550,0,4,,,,19.628,19.006,,19.043,,44117921339555,17.487,0.622,0.837,,,,,0.893,0.645,96,2,16,24,10,1.736,1.077,1.750,,,2.693,19.687,20.180,19.103,-1,,1237668681002715189,22.806,20.234,19.227,18.759,18.635,2.572,1.007,1.475,0.134
Input line 38: 1996574
19 05 49.063,+37 24 25.42,1996574-Kepler,1996574,2,4,4132,4.591,0.055,16.669,15.468,13.632,15.516,,44117921508055,13.604,1.201,1.648,3.775,3.037,,,0.103,0.720,7,6,22,20,4,1.867,1.255,2.024,1.202,1.286,2.998,16.069,16.602,15.347,-1,,,,,,,,,,,6.389e-4
19 05 49.719,+37 24 22.77,1996581-Kepler,1996581,0,4,,,,,19.870,,19.870,,44117921508028,17.681,,,,,,,0.819,0.503,6,6,22,20,4,,,,,,,,,20.708,0,,,,,,,,,,,0.138
Input line 39: 2010738
19 22 08.206,+37 24 08.82,2010738-Kepler,2010738,2,4,4067,4.552,0.068,17.275,15.991,13.964,15.987,,44117921414903,13.873,1.284,1.841,4.179,3.311,,,0.128,0.616,105,2,16,24,10,1.931,1.384,2.278,1.202,,3.355,16.764,17.228,15.844,-1,,1237668679928320053,19.885,17.320,15.964,15.373,15.061,2.565,1.356,1.947,8.738e-4
Input line 40: 2012731
19 24 03.629,+37 24 52.99,2012731-Kepler,2012731,2,4,3728,4.270,0.070,17.640,16.174,13.458,15.976,,44117921391433,13.431,1.466,2.378,5.073,4.182,,,0.135,0.634,308,2,16,24,10,,1.437,2.665,1.403,1.046,4.082,16.862,17.513,16.076,-1,,1237672004223568280,20.278,17.599,16.156,15.226,14.734,2.679,1.443,2.373,2.406e-4
Input line 41: 2013627
19 24 54.170,+37 28 18.41,2013627-Kepler,2013627,2,4,4084,4.571,0.037,15.643,14.430,12.330,14.399,,44117921367806,12.250,1.213,1.777,4.104,3.313,,,0.036,0.679,346,2,16,24,10,1.638,1.530,2.411,1.234,1.235,3.588,15.098,15.838,14.308,-1,,1237668680465385544,18.311,15.711,14.410,15.627,13.500,2.600,1.301,0.085,6.480e-5
Input line 42: 2013754
19 25 01.037,+37 26 35.66,2013754-Kepler,2013754,2,4,4280,4.567,0.046,15.480,14.404,12.451,14.399,,44117921367226,12.456,1.076,1.544,3.782,3.029,,,0.051,0.765,378,2,16,24,10,1.591,1.200,1.955,1.117,1.041,3.008,14.998,15.464,14.264,-1,,1237668680465449335,17.892,15.515,14.377,14.130,13.615,2.377,1.138,1.385,6.150e-4
Input line 43: 2014203
19 25 27.254,+37 29 24.86,2014203-Kepler,2014203,2,4,4202,4.566,0.065,16.703,15.520,13.679,15.546,,44117921387714,13.646,1.183,1.653,3.812,3.024,,,0.267,0.735,385,2,16,24,10,1.611,1.427,2.198,1.149,1.198,3.204,16.190,16.850,15.423,-1,,1237668680465451900,19.310,16.731,15.525,15.041,14.784,2.580,1.206,1.690,8.516e-4
19 25 26.912,+37 29 22.07,2014198-Kepler,2014198,0,4,,,,,15.970,16.611,15.970,,,,,,,,,,,,385,2,16,24,10,,,,,,,,,,,Possible_artifact,,,,,,,,,,0.082
19 25 26.786,+37 29 21.28,2014195-Kepler,2014195,0,4,,,,17.254,16.457,16.611,16.491,,,,0.797,1.091,2.018,0.643,,,0.483,0.566,385,2,16,24,10,,,,,,,,,,,,,,,,,,,,,0.110
19 25 26.717,+37 29 22.78,2014192-Kepler,2014192,0,4,4766,4.572,0.206,18.843,18.060,16.403,18.014,,44117921387726,16.353,0.783,1.185,3.606,2.440,,,0.824,0.472,385,2,16,24,10,0.900,1.097,1.729,0.863,,2.657,18.513,19.010,17.913,-1,,1237668680465451903,21.304,18.930,18.064,17.668,17.458,2.374,0.866,1.261,0.111
Input line 44: 2015703
19 26 49.961,+37 27 57.56,2015703-Kepler,2015703,2,4,4313,4.634,0.059,16.252,15.154,13.339,15.188,,44117921363293,13.312,1.098,1.519,3.650,2.913,,,0.085,0.694,251,2,16,24,10,1.743,1.242,1.958,1.138,1.174,2.914,15.828,16.226,14.984,-1,,1237668680465580677,18.852,16.326,15.181,14.697,14.441,2.526,1.145,1.629,1.505e-4
Input line 45: 2015767
19 26 54.372,+37 29 31.96,2015767-Kepler,2015767,2,4,4078,4.530,0.070,17.217,15.955,13.917,15.953,,44117921362549,13.891,1.262,1.806,4.116,3.300,,,0.175,0.735,227,2,16,24,10,1.924,1.326,2.189,1.154,1.100,3.266,16.700,17.157,15.831,-1,,1237672004760635867,19.878,17.200,15.932,15.379,15.052,2.678,1.268,1.821,3.554e-4
Input line 46: 2016979
19 27 57.355,+37 27 11.70,2016979-Kepler,2016979,2,4,4368,4.692,0.076,16.863,15.865,14.182,15.898,,44117921344126,14.159,0.998,1.378,3.356,2.681,,,0.093,0.495,87,2,16,24,10,1.582,1.080,1.744,1.045,0.919,2.626,16.412,16.785,15.705,-1,,1237672004760700087,19.170,16.810,15.807,15.429,15.225,2.361,1.002,1.381,9.526e-4
Input line 47: 2017692
19 28 35.306,+37 28 17.26,2017692-Kepler,2017692,2,4,4250,4.616,0.070,16.811,15.730,13.811,15.713,,44117921319296,13.774,1.081,1.569,3.667,3.000,,,0.116,0.573,16,2,16,24,10,1.743,1.241,2.017,1.168,1.146,3.043,16.332,16.817,15.576,-1,,1237672004760765592,19.412,16.860,15.676,15.196,14.907,2.553,1.184,1.664,7.174e-4
Input line 48: 2018383
19 29 14.856,+37 26 51.83,2018383-Kepler,2018383,2,4,4267,4.456,0.089,16.887,15.816,13.987,15.847,,44117921315293,13.992,1.071,1.486,3.645,2.900,,,0.123,0.549,105,2,16,24,10,1.746,1.171,1.914,1.094,1.125,2.881,16.415,16.873,15.702,-1,,1237672004760833102,19.379,16.930,15.828,15.385,15.120,2.449,1.101,1.545,7.946e-4
19 29 14.149,+37 26 52.92,2018368-Kepler,2018368,0,4,,,,19.594,18.976,,19.013,,44117921315343,17.666,0.618,0.832,,,,,0.783,0.450,104,2,16,24,10,1.250,1.167,1.939,,,2.897,,20.563,19.396,-1,,1237672004760833105,23.097,20.679,19.564,19.063,18.898,2.418,1.114,1.616,0.142
19 29 15.067,+37 27 00.26,2018389-Kepler,2018389,0,4,,,,18.071,17.333,15.802,17.367,,44117921315253,15.775,0.738,1.006,3.053,2.269,,,0.488,0.657,107,2,16,24,10,1.056,0.960,1.613,0.988,0.534,2.489,17.909,18.264,17.304,-1,,1237672004760833103,20.331,18.273,17.433,17.077,16.865,2.057,0.840,1.196,0.146
Input line 49: 2020185
19 30 49.065,+37 27 34.85,2020185-Kepler,2020185,2,4,4289,4.650,0.055,16.174,15.075,13.336,15.125,,44117921309549,13.277,1.099,1.499,3.572,2.838,,,0.090,0.679,102,2,16,24,10,1.767,1.164,1.844,1.122,1.150,2.813,15.633,16.090,14.926,-1,,1237668681002716225,18.694,16.164,15.039,14.645,14.426,2.530,1.125,1.519,8.976e-4
Input line 50: 2020638
19 31 10.229,+37 24 53.57,2020638-Kepler,2020638,2,4,4337,4.695,0.068,16.704,15.640,13.948,15.689,,44117921310946,13.930,1.064,1.449,3.396,2.756,,,0.197,0.716,34,2,16,24,10,1.691,1.114,1.766,1.048,1.142,2.655,16.197,16.585,15.471,-1,,1237668681002780348,19.143,16.687,15.614,15.229,15.036,2.456,1.074,1.458,2.406e-4
19 31 10.519,+37 24 58.10,2020646-Kepler,2020646,0,4,,,,18.611,18.480,,18.581,,,,0.131,0.049,,,,,0.827,0.484,35,2,16,24,10,,,,,,,,,,,,,,,,,,,,,0.095
19 31 10.601,+37 24 58.75,2020648-Kepler,2020648,0,4,,,,19.545,18.834,,18.867,,,,0.711,0.969,,,,,0.868,0.481,35,2,16,24,10,0.573,0.776,1.289,,,,,20.154,19.378,-1,,,,,,,,,,,0.113
Input line 51: 2140909
19 04 21.562,+37 35 34.48,2140909-Kepler,2140909,2,4,4139,4.796,0.043,16.591,15.375,13.499,15.411,,,,1.216,1.685,3.879,3.092,,,0.103,0.764,121,6,22,20,4,1.762,1.244,2.028,1.197,1.275,,16.018,16.517,15.273,-1,,,,,,,,,,,3.239e-4
Input line 52: 2142372
19 06 17.810,+37 31 01.45,2142372-Kepler,2142372,2,4,3801,4.722,0.035,17.041,15.651,13.285,15.542,,44117921495188,13.234,1.390,2.141,4.622,3.756,,,0.125,0.685,38,6,22,20,4,1.823,1.427,2.497,1.395,1.044,3.724,16.357,16.958,15.531,-1,,,,,,,,,,,6.477e-5
Input line 53: 2142451
19 06 24.051,+37 31 39.72,2142451-Kepler,2142451,2,4,3684,4.494,0.045,17.383,15.995,13.146,15.694,,44117921494843,13.141,1.388,2.414,5.098,4.237,,,0.084,0.624,35,6,22,20,4,1.783,1.399,2.776,1.272,,4.183,16.753,17.324,15.925,-1,,,,,,,,,,,1.031e-4
19 06 24.723,+37 31 36.16,2142459-Kepler,2142459,0,4,,,,19.633,20.001,,20.078,,44117921494801,18.215,-0.368,-0.636,,,,,0.817,0.507,33,6,22,20,4,,,,,,,,,20.536,0,,,,,,,,,,,0.146
Input line 54: 2156061
19 21 58.380,+37 32 38.26,2156061-Kepler,2156061,2,4,4085,4.446,0.029,14.697,13.469,11.525,13.475,,,,1.228,1.745,3.960,3.172,,,0.069,0.857,5,2,16,24,10,1.876,1.284,2.113,1.141,1.246,,14.167,14.628,13.344,-1,,1237672004223369366,17.299,14.707,13.430,14.988,12.626,2.592,1.277,-0.281,7.078e-5
19 21 58.335,+37 32 33.76,2156059-Kepler,2156059,0,4,,,,18.269,18.151,11.525,18.213,,,,0.118,0.081,7.532,6.744,,,0.900,0.281,8,2,16,24,10,,,,,,,,,,,,,,,,,,,,,0.076
Input line 55: 2156718
19 22 36.350,+37 33 46.84,2156718-Kepler,2156718,2,4,4176,4.514,0.056,16.240,15.044,13.182,15.096,,44117921410711,13.135,1.196,1.634,3.811,3.058,,,0.061,0.592,54,2,16,24,10,1.885,1.275,2.033,1.096,1.277,3.036,15.751,16.171,14.896,-1,,1237672004223434914,19.012,16.322,15.075,14.649,14.327,2.690,1.247,1.673,1.036e-4
Input line 56: 2157356
19 23 12.077,+37 31 04.40,2157356-Kepler,2157356,2,4,3813,4.512,0.055,17.500,16.096,13.656,15.984,,44117921396174,13.628,1.404,2.166,4.645,3.844,,,0.148,0.628,146,2,16,24,10,1.912,1.427,2.507,1.356,1.034,3.765,16.847,17.393,15.966,-1,,1237672004223437245,20.011,17.494,16.073,15.296,14.881,2.517,1.421,2.198,6.380e-4
Input line 57: 2160105
19 25 44.227,+37 31 07.10,2160105-Kepler,2160105,2,4,4352,4.664,0.077,16.952,15.894,14.169,15.944,,44117921386876,14.181,1.058,1.440,3.447,2.783,,,0.106,0.608,391,2,16,24,10,1.636,1.195,1.864,1.071,0.968,2.769,16.446,16.950,15.755,-1,,1237668680465452598,19.463,16.950,15.887,15.487,15.285,2.513,1.062,1.463,5.592e-4
Input line 58: 2161569
19 26 55.791,+37 31 05.56,2161569-Kepler,2161569,2,4,4303,4.476,0.088,16.933,15.801,13.971,15.847,,44117921361716,13.961,1.132,1.552,3.750,2.962,,,0.119,0.470,211,2,16,24,10,1.823,1.234,1.972,1.102,,2.933,16.481,16.894,15.660,-1,,1237672004760634137,19.609,16.954,15.791,15.351,15.087,2.654,1.163,1.603,1.228e-4
19 26 56.530,+37 31 05.81,2161586-Kepler,2161586,0,4,5687,4.368,0.247,17.719,17.066,15.846,17.091,,44117921361701,15.732,0.653,0.897,1.835,1.873,,,0.417,0.622,209,2,16,24,10,0.630,0.742,1.279,0.764,0.244,1.932,17.421,17.664,16.922,-1,,1237672004760634140,19.245,17.636,17.034,16.782,16.666,1.609,0.602,0.854,0.147
Input line 59: 2162907
19 28 09.922,+37 35 48.19,2162907-Kepler,2162907,2,4,3924,4.609,0.049,17.069,15.734,13.477,15.650,,44117920888651,13.387,1.335,2.027,4.452,3.592,,,0.253,0.653,12,2,16,24,10,1.934,1.430,2.468,1.290,1.247,3.701,16.508,17.088,15.658,-1,,1237668681002520363,19.807,17.145,15.766,15.039,14.645,2.662,1.379,2.106,3.423e-4
19 28 09.819,+37 35 45.24,2162902-Kepler,2162902,0,4,,,,17.753,16.814,13.477,16.841,,,,0.939,1.304,5.136,4.276,,,0.660,0.533,11,2,16,24,10,,,,,,,,,,,,,,,,,,,,,0.053
Input line 60: 2163101
19 28 18.398,+37 35 51.86,2163101-Kepler,2163101,2,4,4112,4.639,0.048,16.434,15.192,13.288,15.225,,44117920887834,13.281,1.242,1.727,3.934,3.146,,,0.132,0.672,34,2,16,24,10,1.940,1.374,2.202,1.191,1.241,3.221,15.905,16.502,15.128,-1,,1237668681002518152,19.122,16.539,15.256,14.721,14.447,2.583,1.283,1.818,3.472e-4
19 28 18.093,+37 35 53.35,2163096-Kepler,2163096,0,4,,,,19.674,18.551,16.360,18.519,,,,1.123,1.652,4.175,3.314,,,0.939,0.679,33,2,16,24,10,,,,,,,,,,,,,,,,,,,,,0.066
19 28 18.037,+37 35 51.81,2163093-Kepler,2163093,0,4,,,,19.472,18.692,16.360,18.722,,,,0.780,1.073,3.973,3.112,,,0.926,0.506,33,2,16,24,10,,,,,,,,,,,,,,,,,,,,,0.072
19 28 18.623,+37 35 55.50,2163107-Kepler,2163107,0,4,,,,19.398,18.874,13.289,18.915,,,,0.524,0.691,6.898,6.109,,,0.924,0.502,35,2,16,24,10,,,,,,,,,,,,1237668681002518156,23.234,20.673,19.940,19.638,19.286,2.561,0.733,1.035,0.075
19 28 17.826,+37 35 51.70,2163087-Kepler,2163087,0,4,,,,,,16.360,,,44117920887869,16.352,,,,,,,,,33,2,16,24,10,,1.481,3.218,,,4.855,,21.207,19.726,-1,Null_kepmag,1237668681002518154,23.719,21.653,20.032,18.572,17.810,2.066,1.621,3.081,0.114
Input line 61: 2163610
19 28 42.118,+37 33 31.61,2163610-Kepler,2163610,2,4,4023,4.569,0.065,17.326,16.025,13.859,15.976,,44117921318667,13.835,1.301,1.929,4.288,3.467,,,0.156,0.613,75,2,16,24,10,1.895,1.361,2.307,1.267,,3.439,16.694,17.274,15.913,-1,,1237668681002585254,20.001,17.363,16.022,15.377,15.039,2.638,1.341,1.986,4.768e-4
Input line 62: 2163634
19 28 42.941,+37 30 52.52,2163634-Kepler,2163634,2,4,4371,4.411,0.064,15.556,14.513,12.694,14.530,,44117921318581,12.692,1.043,1.466,3.583,2.862,,,0.119,0.675,56,2,16,24,10,1.653,1.146,1.867,1.061,1.112,2.845,15.073,15.537,14.391,-1,,1237668681002583051,18.027,15.582,14.518,14.079,13.825,2.445,1.064,1.503,1.942e-4
19 28 42.428,+37 30 49.44,2163619-Kepler,2163619,0,4,,,,18.642,18.336,,18.390,,44117921318621,17.954,0.306,0.361,,,,,0.843,0.290,55,2,16,24,10,,,,0.795,,,19.307,,,,,1237672004760765575,21.120,19.568,19.047,20.981,18.706,1.553,0.521,-1.413,0.114
Input line 63: 2167693
19 32 12.960,+37 33 32.00,2167693-Kepler,2167693,2,4,3888,4.674,0.043,17.039,15.687,13.353,15.572,,44117921288635,13.319,1.352,2.096,4.514,3.686,,,0.211,0.664,47,2,16,24,10,1.912,1.440,2.516,1.273,1.212,3.708,16.500,17.027,15.587,-1,,1237672005297898731,19.871,17.202,15.714,14.943,14.541,2.669,1.488,2.259,7.078e-5
19 32 12.865,+37 33 35.62,2167691-Kepler,2167691,0,4,,,,18.841,17.872,13.354,17.863,,,,0.969,1.400,6.315,5.487,,,0.836,0.626,48,2,16,24,10,,,,,,,,,,,,,,,,,,,,,0.063
Input line 64: 2282712
19 03 31.781,+37 38 28.07,2282712-Kepler,2282712,2,4,3563,4.312,0.047,17.252,15.844,13.041,15.568,,44117920672498,13.008,1.408,2.407,5.028,4.211,,,0.114,0.690,26,6,22,20,4,1.824,1.437,2.780,1.395,1.174,4.171,16.628,17.179,15.742,-1,,,,,,,,,,,1.618e-4
Input line 65: 2282944
19 03 52.289,+37 36 52.70,2282944-Kepler,2282944,2,4,4312,4.555,0.077,16.947,15.824,14.047,15.857,,44117920672851,13.985,1.123,1.557,3.649,2.900,,,0.131,0.709,62,6,22,20,4,1.668,1.355,2.095,1.197,,3.083,16.439,17.068,15.713,-1,,,,,,,,,,,2.240e-4
19 03 51.718,+37 36 49.54,2282939-Kepler,2282939,0,4,5937,4.393,0.191,17.408,16.859,15.756,16.907,,44117920672858,15.672,0.549,0.715,2.392,1.652,,,0.378,0.698,60,6,22,20,4,0.394,0.816,1.287,0.755,0.288,1.899,17.148,17.571,16.755,-1,,,,,,,,,,,0.125
Input line 66: 2285598
19 07 21.240,+37 41 48.08,2285598-Kepler,2285598,2,4,3951,4.493,0.012,13.292,11.971,9.897,11.973,,,,1.321,1.884,4.189,3.395,,,0.012,0.951,59,6,22,20,4,1.851,1.387,2.604,1.270,1.344,,12.698,13.227,11.840,-9,,1237668678853394841,16.082,15.093,14.113,13.960,12.222,0.989,0.980,1.133,7.077e-5
Input line 67: 2300039
19 23 09.633,+37 39 39.71,2300039-Kepler,2300039,2,4,3644,4.294,0.053,17.182,15.775,12.791,15.427,,44117920836930,12.717,1.407,2.507,5.243,4.391,,,0.133,0.751,33,2,16,24,10,1.838,1.435,2.912,1.383,,4.458,16.613,17.175,15.740,-1,,1237668680465253113,19.765,17.278,15.820,14.698,14.102,2.487,1.459,2.581,6.895e-4
19 23 09.793,+37 39 42.85,2300045-Kepler,2300045,0,4,,,,19.683,19.130,12.792,19.169,,,,0.553,0.735,7.744,6.891,,,0.900,0.339,33,2,16,24,10,,,,,,,,,,,,,,,,,,,,,0.062
Input line 68: 2300440
19 23 30.372,+37 37 52.57,2300440-Kepler,2300440,2,4,4302,4.601,0.055,16.048,14.962,13.214,15.013,,44117920835114,13.188,1.086,1.479,3.526,2.834,,,0.130,0.680,89,2,16,24,10,1.703,1.140,1.820,1.116,1.102,2.804,15.544,15.992,14.852,-1,,1237668680465254398,18.477,16.053,14.956,14.554,14.324,2.424,1.097,1.499,3.974e-4
19 23 30.658,+37 37 49.59,2300449-Kepler,2300449,0,4,,,,18.336,17.569,13.215,17.602,,,,0.767,1.049,5.814,5.121,,,0.768,0.464,91,2,16,24,10,,,,,,,,,,,,,,,,,,,,,0.076
19 23 29.647,+37 37 50.18,2300432-Kepler,2300432,0,4,,,,19.848,19.494,,19.542,,44117920835164,18.573,0.354,0.439,,,,,0.833,0.520,89,2,16,24,10,,0.797,1.403,,,2.061,,20.634,19.837,-1,,1237668680465254411,22.881,20.623,19.949,19.660,19.556,2.258,0.673,0.962,0.149
Input line 69: 2301872
19 24 50.998,+37 37 01.38,2301872-Kepler,2301872,2,4,3968,4.419,0.022,14.357,13.063,10.794,13.052,,44117920809251,11.074,1.294,1.864,4.428,3.563,,,0.035,0.871,228,2,16,24,10,1.862,1.384,3.050,1.255,1.206,3.342,13.813,14.416,13.032,-1,,1237668680465384681,17.444,14.965,15.211,14.881,12.556,2.479,-0.246,0.084,4.753e-4
19 24 51.145,+37 36 53.81,2301874-Kepler,2301874,0,4,,,,18.325,17.314,16.218,17.336,,,,1.011,1.414,3.618,2.107,,,0.822,0.685,232,2,16,24,10,,,,1.199,,,18.520,,,,,,,,,,,,,,0.129
Input line 70: 2302851
19 25 41.858,+37 37 49.08,2302851-Kepler,2302851,2,4,3984,4.468,0.022,14.403,13.112,11.047,13.102,,,,1.291,1.858,4.157,3.356,,,0.040,0.842,300,2,16,24,10,1.859,1.464,2.451,1.165,1.294,,13.783,14.358,12.894,-1,,1237672004760503361,16.920,14.682,13.086,12.030,12.452,2.238,1.596,2.652,3.168e-4
19 25 42.444,+37 37 47.99,2302865-Kepler,2302865,0,4,,,,16.255,15.478,14.281,15.514,,,,0.777,1.059,2.615,1.974,,,0.285,0.620,303,2,16,24,10,,,,1.004,0.737,,16.493,,,,,,,,,,,,,,0.117
Input line 71: 2302997
19 25 49.174,+37 40 37.63,2302997-Kepler,2302997,2,4,3939,4.466,0.040,16.072,14.708,12.621,14.709,,44117920829491,12.550,1.364,1.948,4.287,3.451,,,0.054,0.698,277,2,16,24,10,1.931,1.397,2.299,1.254,1.280,3.423,15.408,15.973,14.576,-1,Planetary_candidate,1237672004760505613,18.703,16.042,14.680,14.488,13.756,2.661,1.362,1.555,7.131e-4
Input line 72: 2305760
19 28 16.529,+37 41 09.02,2305760-Kepler,2305760,2,4,4248,4.693,0.051,16.277,15.138,13.339,15.164,,44117920888013,13.299,1.139,1.590,3.717,2.938,,,0.081,0.682,71,2,16,24,10,1.867,1.264,2.030,1.194,1.142,2.994,15.794,16.293,15.029,-1,,1237668681002517152,18.998,16.400,15.175,14.688,14.451,2.598,1.225,1.712,2.466e-4
Input line 73: 2309152
19 31 11.381,+37 41 26.84,2309152-Kepler,2309152,2,4,4016,4.650,0.057,17.240,15.930,13.833,15.903,,44117920855766,13.949,1.310,1.911,4.247,3.407,,,0.276,0.601,245,2,16,24,10,1.860,1.381,2.265,1.271,1.236,3.342,16.733,17.291,15.910,-1,,1237672005297769010,20.121,17.440,16.048,15.519,15.151,2.681,1.392,1.921,1.717e-4
19 31 11.695,+37 41 28.66,2309160-Kepler,2309160,0,4,,,,17.407,15.392,13.834,15.249,,,,2.015,3.078,4.414,3.573,,,,,246,2,16,24,10,,,,,,,,,,,Possible_artifact,,,,,,,,,,0.069
19 31 11.885,+37 41 30.24,2309166-Kepler,2309166,0,4,,,,16.508,15.730,14.928,15.766,,,,0.778,1.060,1.846,1.580,,,,,246,2,16,24,10,,,,,,,,,,,Possible_artifact,,,,,,,,,,0.115
19 31 12.108,+37 41 27.71,2309168-Kepler,2309168,0,4,5893,4.756,0.178,16.622,16.082,14.928,16.119,,44117920855746,14.932,0.540,0.718,1.960,1.694,,,0.246,0.610,244,2,16,24,10,0.450,0.657,1.112,0.629,0.123,1.673,16.378,16.605,15.948,-1,,1237672005297769012,17.869,16.554,16.042,15.868,15.779,1.315,0.511,0.685,0.145
Input line 74: 2311842
19 33 34.089,+37 40 28.74,2311842-Kepler,2311842,2,4,4379,4.559,0.053,15.466,14.477,12.819,14.514,,44117920921306,12.779,0.989,1.360,3.365,2.647,,,0.082,0.697,10,2,16,24,10,1.516,1.076,1.754,1.053,0.977,2.706,15.041,15.485,14.409,-1,,1237668681539782480,17.833,15.552,14.500,14.118,13.909,2.281,1.052,1.434,1.029e-4
19 33 34.517,+37 40 23.17,2311850-Kepler,2311850,0,4,,,,19.609,19.007,,19.045,,44117920921242,17.625,0.602,0.807,,,,,0.872,0.512,8,2,16,24,10,1.044,0.942,1.573,,,2.475,19.738,20.100,19.158,-1,,1237668681539782497,22.401,20.355,19.386,19.099,18.961,2.045,0.969,1.256,0.126
19 33 33.427,+37 40 27.15,2311831-Kepler,2311831,0,4,,,,19.475,18.911,,18.951,,44117920921370,18.009,0.564,0.750,,,,,0.952,0.702,11,2,16,24,10,0.753,0.797,1.374,,,1.959,19.555,19.968,19.171,-1,,1237668681539782499,21.950,20.117,19.366,19.101,19.032,1.833,0.751,1.016,0.134
19 33 34.670,+37 40 33.02,2311852-Kepler,2311852,0,4,5632,4.516,0.254,17.977,17.286,16.018,17.324,,44117920921234,15.900,0.691,0.933,2.545,1.959,,,0.736,0.637,10,2,16,24,10,0.650,0.772,1.324,0.836,0.177,2.052,17.630,17.952,17.180,-1,,1237668681539782485,19.525,17.981,17.290,17.024,16.890,1.543,0.691,0.957,0.135
Input line 75: 2423549
19 05 29.494,+37 42 40.64,2423549-Kepler,2423549,2,4,3862,4.470,0.055,17.253,15.870,13.542,15.794,,44117920703326,13.531,1.383,2.084,4.575,3.711,,,0.120,0.631,265,6,22,20,4,1.749,1.436,2.466,1.369,,3.644,16.557,17.175,15.739,-1,,,,,,,,,,,7.151e-4
19 05 30.103,+37 42 42.38,2423559-Kepler,2423559,0,4,,,,18.582,18.068,,18.112,,44117920703291,18.213,0.514,0.672,,,,,0.697,0.509,265,6,22,20,4,,0.721,1.335,,,2.218,,20.431,19.710,1,,,,,,,,,,,0.125
Input line 76: 2424688
19 07 03.778,+37 44 27.49,2424688-Kepler,2424688,2,4,4009,4.586,0.055,17.129,15.815,13.776,15.818,,44117920688219,13.742,1.314,1.873,4.199,3.353,,,0.105,0.628,123,6,22,20,4,1.825,1.319,2.201,1.265,,3.297,16.535,17.039,15.720,-1,,1237668678853331136,19.892,17.165,15.808,15.248,14.909,2.727,1.357,1.917,4.756e-4
Input line 77: 2435893
19 20 15.338,+37 47 28.18,2435893-Kepler,2435893,2,4,3976,4.706,0.039,16.613,15.329,13.060,15.241,,44117920758397,13.029,1.284,1.960,4.399,3.553,,,0.094,0.704,15,2,16,24,10,1.872,1.373,2.352,1.184,1.312,3.548,16.048,16.577,15.204,-1,,1237672004223175368,19.225,16.647,15.298,14.645,14.245,2.578,1.349,2.002,3.231e-4
Input line 78: 2436635
19 20 39.811,+37 43 54.16,2436635-Kepler,2436635,2,4,4398,4.566,0.087,16.846,15.881,14.006,15.856,,44117920755362,13.969,0.965,1.414,3.631,2.840,,,0.253,0.642,46,2,16,24,10,1.402,1.074,1.823,1.057,0.737,2.870,16.599,16.839,15.765,-1,,,,,,,,,,,2.465e-4
19 20 39.977,+37 43 58.28,2436648-Kepler,2436648,0,4,,,,,18.730,15.197,18.730,,,,,,,,,,0.942,0.560,48,2,16,24,10,,,,,,,,,,,,,,,,,,,,,0.076
19 20 39.987,+37 43 58.55,2436649-Kepler,2436649,0,4,5090,2.780,0.255,17.703,16.847,15.196,16.887,,,,0.856,1.166,3.062,2.507,,,0.675,0.576,48,2,16,24,10,1.129,0.910,1.512,,,,,17.593,16.683,-1,,,,,,,,,,,0.081
19 20 40.015,+37 43 47.37,2436651-Kepler,2436651,0,4,,,,18.916,18.277,,18.314,,44117920755295,16.977,0.639,0.861,,,,,0.717,0.626,46,2,16,24,10,1.236,0.879,1.418,,,2.158,18.701,19.135,18.256,-1,,,,,,,,,,,0.120
19 20 40.203,+37 44 00.46,2436658-Kepler,2436658,0,4,,,,13.755,12.957,15.197,12.997,,,,0.798,1.084,-0.887,-1.442,,,,,49,2,16,24,10,,,,,,,,,,,Possible_artifact,,,,,,,,,,0.131
Input line 79: 2437270
19 20 51.439,+37 46 40.84,2437270-Kepler,2437270,2,4,4242,4.540,0.054,16.032,14.893,12.974,14.958,,44117920775074,12.932,1.139,1.534,3.801,3.058,,,0.262,0.666,99,2,16,24,10,2.194,1.194,1.882,1.187,1.575,2.980,15.450,15.912,14.718,-1,,1237672004223239714,19.023,16.012,14.889,14.469,14.169,3.011,1.124,1.543,1.715e-4
19 20 51.044,+37 46 44.71,2437251-Kepler,2437251,0,4,,,,19.516,18.694,,18.717,,44117920774982,17.521,0.822,1.140,,,,,0.919,0.521,98,2,16,24,10,1.581,1.002,1.559,,,2.304,19.351,19.825,18.823,-1,,,,,,,,,,,0.101
19 20 51.841,+37 46 47.39,2437299-Kepler,2437299,0,4,,,,15.400,,14.255,12.930,,,,,2.470,1.860,1.145,,,,,101,2,16,24,10,,,,,,,,,,,Possible_artifact,,,,,,,,,,0.135
19 20 51.804,+37 46 48.14,2437296-Kepler,2437296,2,4,4794,3.653,0.222,17.003,15.961,14.255,16.032,,,,1.042,1.387,3.464,2.748,,,0.350,0.646,101,2,16,24,10,1.968,1.118,1.761,,,,,16.962,15.844,-1,,,,,,,,,,,0.141
19 20 52.125,+37 46 44.45,2437311-Kepler,2437311,0,4,,,,,17.510,16.537,17.510,,44117920774979,16.363,,,,,,,0.730,0.516,101,2,16,24,10,1.268,0.893,1.433,0.879,,2.138,18.131,18.501,17.608,-1,,,,,,,,,,,0.148
Input line 80: 2437317
19 20 52.337,+37 45 50.65,2437317-Kepler,2437317,2,4,4250,4.696,0.039,15.743,14.517,12.878,14.623,,44117920776005,12.983,1.226,1.600,3.647,2.865,,,0.134,0.703,94,2,16,24,10,1.775,1.217,1.951,1.186,1.183,3.048,15.524,16.031,14.814,-1,,1237672004223239715,17.990,15.654,14.617,14.100,13.988,2.337,1.037,1.554,6.570e-4
19 20 52.564,+37 45 52.69,2437339-Kepler,2437339,0,4,,,,16.300,,12.878,16.880,,,,,-0.580,4.203,3.422,,,0.852,0.693,95,2,16,24,10,,,,,,,,,,,,,,,,,,,,,0.056
19 20 52.369,+37 45 42.19,2437320-Kepler,2437320,0,4,,,,17.895,18.298,15.820,18.383,,44117920776117,16.718,-0.403,-0.696,2.669,2.075,,,0.883,0.697,93,2,16,24,10,0.962,0.765,1.245,0.739,0.393,1.815,18.248,18.533,17.768,-1,,,,,,,,,,,0.141
19 20 52.875,+37 45 56.81,2437352-Kepler,2437352,0,4,5793,4.320,0.245,18.114,17.604,16.375,17.556,,44117920775859,16.105,0.510,0.797,2.627,1.739,,,0.689,0.637,96,2,16,24,10,1.125,0.846,1.353,0.821,0.526,2.000,17.805,18.105,17.259,-1,,,,,,,,,,,0.147
Input line 81: 2438151
19 21 08.412,+37 44 55.03,2438151-Kepler,2438151,2,4,4403,4.576,0.071,16.399,15.323,13.570,15.433,,44117920776922,13.671,1.076,1.380,3.617,2.829,,,0.254,0.767,126,2,16,24,10,1.782,1.208,1.953,1.146,1.320,3.084,16.320,16.755,15.547,-1,,1237672004223239742,19.093,16.540,15.488,15.078,14.832,2.553,1.052,1.462,4.204e-4
19 21 08.283,+37 44 50.86,2438145-Kepler,2438145,0,4,5626,4.367,0.229,17.822,17.112,15.750,17.155,,44117920776966,15.785,0.710,0.952,3.996,2.072,,,0.631,0.539,125,2,16,24,10,1.024,0.822,1.302,0.822,0.483,1.947,17.427,17.732,16.910,-1,,,,,,,,,,,0.074
19 21 07.921,+37 44 53.32,2438132-Kepler,2438132,0,4,,,,17.956,18.229,15.751,18.307,,,,-0.273,-0.501,4.130,2.205,,,0.792,0.537,125,2,16,24,10,,,,,,,19.442,,,,,,,,,,,,,,0.101
19 21 08.050,+37 45 02.36,2438138-Kepler,2438138,0,4,,,,19.268,18.939,,18.989,,44117920776772,17.749,0.329,0.400,,,,,0.819,0.462,127,2,16,24,10,0.458,0.724,1.225,,,1.852,19.291,19.601,18.877,-1,,,,,,,,,,,0.141
Input line 82: 2441409
19 23 59.772,+37 43 42.74,2441409-Kepler,2441409,2,4,4312,4.620,0.078,17.013,15.901,14.173,15.980,,44117920832596,14.140,1.112,1.475,3.616,2.840,,,0.143,0.647,63,2,16,24,10,1.729,1.132,1.807,1.097,1.128,2.731,16.449,16.871,15.739,-1,,1237668680465318549,19.488,16.957,15.858,15.463,15.234,2.531,1.098,1.494,4.244e-4
19 23 59.669,+37 43 34.08,2441403-Kepler,2441403,0,4,,,,20.549,19.660,,19.657,,44117920832601,18.243,0.889,1.278,,,,,0.813,0.495,65,2,16,24,10,,1.444,2.211,,,3.347,,21.590,20.146,-1,,1237668680465318563,25.017,21.747,20.331,19.796,19.592,3.270,1.416,1.951,0.146
Input line 83: 2441562
19 24 08.510,+37 47 16.91,2441562-Kepler,2441562,2,4,3806,4.460,0.050,17.109,15.688,13.211,15.558,,44117920813188,13.155,1.421,2.216,4.744,3.898,,,0.112,0.706,31,2,16,24,10,1.830,1.505,2.638,1.309,1.174,3.889,16.383,17.044,15.539,-1,,1237672004760371700,19.651,17.087,15.651,14.861,14.414,2.565,1.436,2.225,8.579e-5
Input line 84: 2441891
19 24 27.439,+37 45 17.50,2441891-Kepler,2441891,2,4,3850,4.564,0.045,17.026,15.644,13.326,15.556,,44117920811475,13.283,1.382,2.101,4.561,3.700,,,0.131,0.672,87,2,16,24,10,1.875,1.409,2.454,1.314,1.304,3.660,16.370,16.943,15.534,-1,,1237672004760374566,19.857,17.059,15.641,14.910,14.505,2.798,1.418,2.149,1.716e-4
19 24 27.904,+37 45 21.87,2441903-Kepler,2441903,0,4,,,,18.274,17.888,16.502,17.937,,44117920811417,17.634,0.386,0.482,2.402,1.772,,,0.657,0.435,87,2,16,24,10,0.293,0.474,0.896,0.665,,1.411,18.745,19.045,18.571,-1,,1237672004760374570,20.232,19.139,18.795,18.910,19.074,1.093,0.344,0.229,0.117
19 24 26.983,+37 45 22.18,2441880-Kepler,2441880,0,4,,,,19.443,18.815,,18.852,,44117920811510,17.437,0.628,0.845,,,,,0.735,0.499,86,2,16,24,10,1.120,1.076,1.727,,,2.601,19.558,20.038,18.962,-1,,1237672004760374571,22.855,20.069,19.102,18.769,18.655,2.786,0.967,1.300,0.119
19 24 28.128,+37 45 15.35,2441904-Kepler,2441904,0,4,,,,19.649,19.079,,19.118,,44117920811396,18.192,0.570,0.759,,,,,0.798,0.609,89,2,16,24,10,0.658,0.797,1.282,,,1.983,19.850,20.175,19.378,-1,,1237672004760374573,21.582,20.281,19.668,19.410,19.346,1.301,0.613,0.871,0.141
Input line 85: 2441989
19 24 33.228,+37 47 29.04,2441989-Kepler,2441989,2,4,4223,4.728,0.063,17.022,15.865,14.098,15.911,,44117920810943,14.104,1.157,1.587,3.733,2.924,,,0.187,0.519,69,2,16,24,10,1.834,1.256,1.988,1.110,1.255,2.979,16.577,17.083,15.827,-1,,1237672004760372969,20.032,17.159,15.924,15.441,15.225,2.873,1.234,1.718,3.951e-4
19 24 33.327,+37 47 26.92,2441993-Kepler,2441993,0,4,,,,19.048,17.822,14.098,17.833,,,,1.226,1.737,5.758,4.950,,,0.891,0.679,69,2,16,24,10,,,,,,,,,,,,,,,,,,,,,0.040
19 24 33.546,+37 47 26.26,2441998-Kepler,2441998,0,4,,,,17.768,17.131,14.098,17.170,,,,0.637,0.855,4.478,3.670,,,0.683,0.639,70,2,16,24,10,,,,,,,,,,,,,,,,,,,,,0.078
19 24 33.689,+37 47 28.69,2442002-Kepler,2442002,0,4,,,,19.862,17.874,,17.832,,,,1.988,2.894,,,,,0.564,0.338,70,2,16,24,10,,,,,,,,,,,,,,,,,,,,,0.091
Input line 86: 2442004
19 24 33.984,+37 45 55.98,2442004-Kepler,2442004,2,4,4038,4.536,0.065,17.203,15.908,13.820,15.890,,44117920810883,13.774,1.295,1.875,4.258,3.383,,,0.154,0.707,89,2,16,24,10,1.841,1.348,2.232,1.177,1.354,3.344,16.569,17.118,15.770,-1,,1237672004760374778,19.717,17.161,15.827,15.253,14.922,2.556,1.334,1.908,7.905e-4
Input line 87: 2442866
19 25 20.479,+37 42 14.26,2442866-Kepler,2442866,2,4,4344,4.487,0.061,15.713,14.716,12.833,14.702,,44117920828733,12.784,0.997,1.445,3.608,2.880,,,0.128,0.652,211,2,16,24,10,1.456,1.126,1.883,1.006,0.883,2.936,15.262,15.720,14.594,-1,,1237672004760438778,17.935,15.682,14.667,14.205,13.935,2.252,1.016,1.478,1.938e-4
19 25 20.039,+37 42 10.44,2442853-Kepler,2442853,0,4,,,,19.115,13.445,14.872,14.012,,,,5.670,,4.943,4.243,,,,,211,2,16,24,10,,,,,,,,,,,Possible_artifact,,,,,,,,,,0.108
19 25 20.026,+37 42 07.49,2442852-Kepler,2442852,0,4,,,,15.655,15.002,14.872,15.042,,44117920828792,14.950,0.653,0.876,1.483,0.783,,,0.214,0.664,212,2,16,24,10,1.383,0.983,1.598,0.901,0.897,2.436,17.016,17.386,16.403,1,,1237672004760438782,19.659,17.349,16.471,16.147,15.951,2.310,0.878,1.202,0.144
Input line 88: 2443037
19 25 29.803,+37 42 42.05,2443037-Kepler,2443037,2,4,4343,4.368,0.051,14.978,13.896,12.153,13.936,,44117920828525,12.147,1.082,1.489,3.550,2.825,,,0.077,0.776,219,2,16,24,10,1.701,1.171,1.851,1.044,1.150,2.799,14.510,14.946,13.775,-1,,1237672004760502320,17.434,14.974,13.866,16.189,13.241,2.461,1.108,-1.216,6.100e-4
Input line 89: 2443364
19 25 48.636,+37 44 24.58,2443364-Kepler,2443364,2,4,4013,4.228,0.029,14.164,12.879,10.894,12.915,,,,1.285,1.784,4.056,3.270,,,0.025,0.884,227,2,16,24,10,,,,1.223,1.279,,13.579,,,,,1237672004760502991,16.842,14.513,14.225,15.268,12.387,2.329,0.288,-0.755,7.700e-4
19 25 48.944,+37 44 29.72,2443374-Kepler,2443374,0,4,,,,17.721,17.865,,17.939,,44117920827694,17.074,-0.144,-0.310,,,,,0.925,0.585,228,2,16,24,10,1.415,1.029,1.656,,,2.526,19.364,19.600,18.571,1,,1237672004760503003,21.999,19.811,19.420,18.839,18.159,2.188,0.391,0.972,0.105
Input line 90: 2443935
19 26 18.845,+37 44 59.82,2443935-Kepler,2443935,2,4,3940,4.666,0.045,17.006,15.662,13.451,15.618,,44117920827452,13.412,1.344,1.982,4.337,3.555,,,0.104,0.635,192,2,16,24,10,1.864,1.386,2.332,1.294,1.200,3.530,16.384,16.942,15.556,-1,,1237672004760506299,19.519,16.980,15.629,14.999,14.635,2.539,1.351,1.981,9.488e-4
19 26 19.378,+37 44 53.51,2443946-Kepler,2443946,0,4,,,,19.562,19.052,,19.093,,44117920827494,17.573,0.510,0.670,,,,,0.689,0.523,192,2,16,24,10,,1.382,2.229,,,3.402,,20.975,19.593,-1,,1237672004760506301,24.639,21.007,19.693,19.133,18.787,3.632,1.314,1.874,0.150
Input line 91: 2444406
19 26 43.886,+37 44 46.82,2444406-Kepler,2444406,2,4,4195,4.580,0.069,16.836,15.754,13.673,15.704,,44117920802785,13.680,1.082,1.617,3.869,3.163,,,0.273,0.670,131,2,16,24,10,1.794,1.226,2.076,1.142,1.196,3.192,16.390,16.872,15.646,-1,,1237668681002386070,19.617,16.915,15.743,15.199,14.881,2.703,1.172,1.716,7.148e-4
19 26 43.701,+37 44 45.59,2444402-Kepler,2444402,0,4,,,,16.737,17.281,13.674,17.374,,,,-0.544,-0.910,3.769,3.063,,,0.822,0.670,132,2,16,24,10,,,,,,,,,,,,,,,,,,,,,0.043
19 26 43.572,+37 44 45.66,2444400-Kepler,2444400,0,4,,,,17.957,17.394,13.674,17.440,,,,0.563,0.742,4.989,4.283,,,0.834,0.661,132,2,16,24,10,,,,,,,,,,,,,,,,,,,,,0.066
19 26 43.841,+37 44 37.87,2444405-Kepler,2444405,0,4,,,,,19.920,16.725,19.920,,44117920802841,16.850,,,,,,,0.925,0.618,132,2,16,24,10,,1.425,3.257,,,4.926,,21.776,20.351,-1,,1237668681002386080,24.386,22.162,20.575,19.015,18.326,2.224,1.587,3.147,0.149
Input line 92: 2445782
19 27 58.046,+37 45 58.07,2445782-Kepler,2445782,2,4,4220,4.706,0.058,16.763,15.598,13.803,15.661,,44117920889779,13.782,1.165,1.574,3.692,2.960,,,0.117,0.627,63,2,16,24,10,1.775,1.230,1.946,1.060,1.279,2.892,16.229,16.674,15.444,-1,,1237668681002455003,19.266,16.715,15.578,15.149,14.916,2.550,1.138,1.566,7.122e-4
Input line 93: 2446934
19 28 54.552,+37 43 33.53,2446934-Kepler,2446934,2,4,3892,4.693,0.043,17.109,15.756,13.452,15.675,,44117920863893,13.398,1.353,2.049,4.465,3.657,,,0.135,0.656,187,2,16,24,10,1.834,1.467,2.491,1.294,1.245,3.729,16.483,17.127,15.660,-1,,1237668681002519147,20.078,17.309,15.813,15.066,14.705,2.769,1.496,2.243,3.969e-4
19 28 54.293,+37 43 26.00,2446929-Kepler,2446929,0,4,,,,19.148,18.841,,18.892,,44117920863913,17.528,0.307,0.366,,,,,0.822,0.608,185,2,16,24,10,0.494,0.672,1.136,0.580,,1.648,18.975,19.176,18.504,-1,,1237668681002519155,21.052,20.067,19.284,18.758,19.447,0.985,0.783,1.309,0.135
Input line 94: 2448311
19 30 04.037,+37 45 59.98,2448311-Kepler,2448311,2,4,4254,4.659,0.061,16.731,15.490,13.750,15.614,,44117920880760,13.863,1.241,1.595,3.734,2.981,,,0.199,0.720,382,2,16,24,10,1.781,1.225,1.956,1.109,1.360,2.935,16.315,16.798,15.573,-1,,1237672005297701607,19.312,16.749,15.577,15.189,14.907,2.563,1.172,1.560,6.595e-4
19 30 03.623,+37 46 05.76,2448303-Kepler,2448303,0,4,,,,17.303,16.022,,16.035,,,,1.281,1.813,,,,,0.445,0.648,382,2,16,24,10,,,,,,,,,,,,,,,,,,,,,0.127
Input line 95: 2448958
19 30 40.594,+37 46 22.69,2448958-Kepler,2448958,2,4,4157,4.580,0.067,16.940,15.733,13.890,15.773,,44117920880545,13.890,1.207,1.667,3.794,3.050,,,0.124,0.484,357,2,16,24,10,1.845,1.208,1.952,1.144,1.196,2.932,16.364,16.822,15.614,-1,,1237672005297703307,19.473,16.892,15.692,15.229,14.987,2.581,1.200,1.663,7.122e-4
19 30 40.073,+37 46 26.69,2448946-Kepler,2448946,0,4,5055,4.458,0.241,18.656,17.820,16.184,17.793,,,,0.836,1.233,3.698,2.472,,,0.793,0.540,358,2,16,24,10,1.164,0.913,1.529,,,,,18.683,17.770,-1,,,,,,,,,,,0.122
19 30 40.083,+37 46 26.98,2448947-Kepler,2448947,0,4,,,,18.139,17.434,16.184,17.470,,,,0.705,0.957,3.181,1.955,,,0.741,0.610,358,2,16,24,10,,,,,,,,,,,,,,,,,,,,,0.123
Input line 96: 2554730
19 03 56.222,+37 52 43.90,2554730-Kepler,2554730,2,4,3602,4.209,0.050,16.912,15.536,12.525,15.153,,44117921532275,12.458,1.376,2.513,5.266,4.387,,,0.122,0.702,212,6,22,20,4,1.774,1.402,2.888,1.359,1.083,4.372,16.288,16.830,15.428,-1,,,,,,,,,,,4.548e-4
19 03 56.899,+37 52 40.37,2554734-Kepler,2554734,2,4,5386,4.574,0.112,15.609,14.973,13.775,15.022,21.403,44117921532302,13.768,0.636,0.839,2.327,1.834,,5.794,0.078,0.741,213,6,22,20,4,0.721,0.741,1.225,0.790,0.370,1.830,15.317,15.598,14.857,-1,,,,,,,,,,,0.146
Input line 97: 2555523
19 04 54.646,+37 51 08.03,2555523-Kepler,2555523,2,4,3935,4.617,0.043,16.840,15.490,13.346,15.465,,44117921517234,13.319,1.350,1.965,4.302,3.494,,,0.084,0.713,339,6,22,20,4,1.859,1.412,2.331,1.286,,3.490,16.197,16.809,15.397,-1,,,,,,,,,,,8.692e-4
19 04 54.894,+37 51 07.60,2555526-Kepler,2555526,0,4,,,,,14.710,13.347,14.710,,,,,,,,,,,,340,6,22,20,4,,,,,,,,,,,Possible_artifact,,,,,,,,,,0.049
19 04 55.190,+37 51 06.59,2555528-Kepler,2555528,0,4,4301,4.558,0.131,18.853,17.698,15.775,17.762,,44117921517256,15.891,1.155,1.559,3.751,3.078,,,0.440,0.559,340,6,22,20,4,,1.179,1.887,1.057,,2.921,18.340,18.812,17.633,-1,,,,,,,,,,,0.109
Input line 98: 2557350
19 07 16.594,+37 51 32.44,2557350-Kepler,2557350,2,4,3815,4.705,0.042,17.408,16.029,13.526,15.870,,44117921481378,13.486,1.379,2.197,4.691,3.882,,,0.121,0.624,188,6,22,20,4,1.607,1.584,2.737,1.374,,4.035,16.777,17.521,15.937,-1,Planetary_candidate,1237668678853331051,20.200,17.464,16.036,15.211,14.755,2.735,1.428,2.253,7.137e-4
19 07 16.648,+37 51 38.40,2557351-Kepler,2557351,0,4,,,,,18.470,,18.470,,44117921481397,18.333,,,,,,,0.767,0.618,189,6,22,20,4,,,,,,,,,20.497,0,,,,,,,,,,,0.100
Input line 99: 2557669
19 07 40.759,+37 52 41.38,2557669-Kepler,2557669,2,4,3782,4.358,0.039,16.270,14.863,12.388,14.746,,44117921500051,12.368,1.407,2.178,4.742,3.882,,,0.065,0.770,160,6,22,20,4,1.711,1.497,2.634,1.374,1.132,3.962,15.679,16.330,14.833,-1,,1237672003148449715,18.911,16.281,14.893,14.088,13.652,2.630,1.388,2.193,1.498e-4
19 07 41.173,+37 52 48.01,2557675-Kepler,2557675,0,4,,,,19.774,19.731,,19.791,,44117921500067,18.270,0.043,-0.024,,,,,0.889,0.344,161,6,22,20,4,,1.451,1.999,,,3.177,,21.447,19.996,-7,,1237672003148449717,23.818,21.302,20.414,20.029,19.438,2.516,0.888,1.273,0.137
Input line 100: 2558314
19 08 28.356,+37 48 01.84,2558314-Kepler,2558314,2,4,4052,4.703,0.022,14.944,13.706,11.635,13.674,,,,1.238,1.814,4.114,3.309,,,0.034,0.868,20,6,22,20,4,1.700,1.375,2.387,1.227,1.267,,14.376,14.990,13.615,-1,,1237668678853460523,17.640,15.003,13.717,15.835,12.789,2.637,1.286,-0.832,7.930e-4
Input line 101: 2568503
19 20 02.486,+37 52 48.54,2568503-Kepler,2568503,2,4,4099,4.363,0.073,16.724,15.483,13.362,15.470,,44117921399610,13.331,1.241,1.791,4.186,3.362,,,0.103,0.722,27,2,16,24,10,1.910,1.304,2.185,1.180,1.247,3.353,16.175,16.684,15.380,-1,,1237672004223172723,19.746,16.771,15.476,14.898,14.552,2.975,1.294,1.873,7.104e-4
Input line 102: 2570277
19 21 02.426,+37 48 02.48,2570277-Kepler,2570277,2,4,3836,4.651,0.041,16.792,15.720,13.265,15.517,,44117920773778,13.376,1.072,1.822,4.287,3.527,,,0.089,0.617,137,2,16,24,10,1.723,1.436,2.607,1.194,0.895,3.950,16.488,17.326,15.890,-1,,,,,,,,,,,7.143e-4
19 21 03.002,+37 47 59.60,2437906-Kepler,2437906,0,4,5789,4.356,0.239,17.961,17.362,15.962,17.385,,44117920773783,16.209,0.599,0.824,2.628,1.999,,,0.265,0.363,139,2,16,24,10,1.020,0.776,1.235,0.702,,1.872,17.838,18.081,17.305,-1,,,,,,,,,,,0.123
Input line 103: 2570846
19 21 22.409,+37 50 29.47,2570846-Kepler,2570846,2,4,3865,4.606,0.041,16.874,15.514,13.185,15.414,,44117921431463,13.101,1.360,2.085,4.570,3.689,,,0.124,0.786,198,2,16,24,10,1.879,1.431,2.465,1.259,1.204,3.671,16.253,16.772,15.341,-1,,1237668680465057815,19.477,16.940,15.502,14.766,14.354,2.537,1.438,2.174,2.158e-4
19 21 21.882,+37 50 30.20,2570832-Kepler,2570832,0,4,,,,18.864,18.393,,18.438,,44117921431385,17.968,0.471,0.610,,,,,0.651,0.525,200,2,16,24,10,0.502,0.754,1.264,,,1.756,19.434,19.724,18.970,-1,,1237668680465057822,21.128,19.759,19.181,18.980,19.177,1.369,0.578,0.779,0.105
Input line 104: 2572352
19 22 44.090,+37 50 12.70,2572352-Kepler,2572352,2,4,4342,4.688,0.052,16.006,14.943,13.310,15.011,,44117921408350,13.269,1.063,1.421,3.408,2.696,,,0.133,0.751,62,2,16,24,10,1.731,1.112,1.758,,,2.676,,15.945,14.833,-1,,1237668680465187494,18.502,15.997,14.942,15.063,14.367,2.505,1.055,0.934,1.034e-4
19 22 43.857,+37 50 16.67,2572347-Kepler,2572347,0,4,,,,,17.540,13.310,17.540,,,,,,,,,,0.748,0.627,64,2,16,24,10,,,,,,,,,,,,,,,,,,,,,0.081
19 22 43.817,+37 50 18.38,2572346-Kepler,2572346,0,4,,,,18.683,18.017,,18.054,,44117921408308,17.784,0.666,0.900,,,,,0.825,0.608,64,2,16,24,10,0.452,0.658,1.149,0.582,,1.755,19.309,19.539,18.881,-1,,1237668680465187495,21.015,19.497,19.017,18.805,18.764,1.518,0.480,0.692,0.109
Input line 105: 2574013
19 24 16.284,+37 49 31.15,2574013-Kepler,2574013,2,4,4220,4.598,0.069,16.899,15.731,13.885,15.787,,44117921347604,13.836,1.168,1.589,3.746,3.014,,,0.074,0.520,16,2,16,24,10,1.835,1.310,2.067,1.087,1.265,3.069,16.395,16.905,15.595,-1,,1237672004760371830,19.517,16.862,15.702,15.267,15.006,2.655,1.160,1.596,7.669e-4
Input line 106: 2574427
19 24 38.398,+37 52 21.47,2574427-Kepler,2574427,2,4,3972,4.569,0.040,16.307,14.999,12.848,14.942,,44117921348668,12.792,1.308,1.951,4.317,3.459,,,0.200,0.668,15,2,16,24,10,1.886,1.394,2.336,1.234,1.282,3.521,15.764,16.313,14.919,1,,1237672004760372234,18.967,16.340,14.979,14.344,13.996,2.627,1.361,1.996,4.748e-4
19 24 38.744,+37 52 25.73,2574432-Kepler,2574432,0,4,,,,18.080,17.534,,17.578,,44117921348698,16.848,0.546,0.719,,,,,0.810,0.516,15,2,16,24,10,1.114,0.827,1.371,0.849,,2.094,18.622,18.942,18.115,-1,,1237672004760372240,21.173,18.943,18.200,17.947,17.797,2.230,0.743,0.997,0.098
19 24 39.096,+37 52 19.16,2574441-Kepler,2574441,0,4,4557,2.586,0.259,15.870,14.796,12.871,14.812,,44117921348654,12.833,1.074,1.511,3.874,2.999,,,0.077,0.669,16,2,16,24,10,,1.155,1.880,1.158,1.161,2.988,15.376,15.821,14.666,-1,,1237672004760372233,18.511,15.848,14.766,14.321,14.053,2.663,1.083,1.527,0.143
Input line 107: 2575433
19 25 30.789,+37 51 50.76,2575433-Kepler,2575433,2,4,3931,4.596,0.051,17.123,15.792,13.538,15.733,,44117921379652,13.504,1.331,1.986,4.428,3.585,,,0.115,0.670,105,2,16,24,10,1.969,1.390,2.355,1.192,1.350,3.563,16.516,17.067,15.677,-1,,1237668681002257833,19.907,17.128,15.795,15.126,14.744,2.778,1.333,2.002,1.026e-4
19 25 31.529,+37 51 51.34,2575454-Kepler,2575454,0,4,5931,4.309,0.262,18.157,17.564,16.454,17.650,,44117921379704,16.277,0.593,0.724,2.466,1.703,,,0.359,0.520,107,2,16,24,10,0.725,0.725,1.243,0.627,0.206,1.880,17.932,18.157,17.432,-1,,1237668681002257835,19.669,18.141,17.552,17.328,17.183,1.528,0.589,0.813,0.146
Input line 108: 2576013
19 26 00.406,+37 51 48.56,2576013-Kepler,2576013,2,4,4206,4.580,0.062,16.629,15.447,13.544,15.457,,44117921382539,13.511,1.182,1.674,3.822,3.085,,,0.094,0.680,153,2,16,24,10,1.796,1.256,2.044,1.106,1.104,3.052,16.070,16.563,15.307,-1,,1237668681002320211,19.125,16.591,15.399,14.925,14.663,2.534,1.192,1.666,8.710e-4
Input line 109: 2576328
19 26 15.509,+37 53 09.28,2576328-Kepler,2576328,2,4,4311,4.603,0.080,17.060,15.937,14.201,15.982,,44117921383980,14.181,1.123,1.540,3.542,2.859,,,0.132,0.688,135,2,16,24,10,1.815,1.237,1.909,1.129,1.186,2.819,16.502,17.000,15.763,-1,,1237668681002323397,19.705,17.043,15.893,15.492,15.268,2.662,1.150,1.551,2.688e-4
Input line 110: 2577210
19 27 00.295,+37 50 17.16,2577210-Kepler,2577210,2,4,4351,4.765,0.049,16.022,14.985,13.362,15.049,,44117921356873,13.385,1.037,1.391,3.366,2.660,,,0.105,0.741,45,2,16,24,10,1.713,1.117,1.745,,,2.584,,15.969,14.852,-1,,1237668681002386233,18.466,16.027,14.976,14.622,14.428,2.438,1.051,1.405,9.477e-4
19 26 59.921,+37 50 23.50,2577198-Kepler,2577198,0,4,6328,4.271,0.272,17.777,17.275,16.175,17.291,,44117921356825,16.199,0.502,0.694,1.189,1.602,,,0.593,0.542,46,2,16,24,10,0.436,0.636,1.078,,,1.558,,17.757,17.121,-1,,1237668681002386234,19.028,17.697,17.239,17.051,16.980,1.332,0.458,0.645,0.129
19 27 00.078,+37 50 09.60,2577202-Kepler,2577202,0,4,,,,19.532,18.969,,19.009,,44117921356835,17.922,0.563,0.748,,,,,0.889,0.679,47,2,16,24,10,0.296,0.715,1.172,,,1.859,,19.781,19.066,-1,,1237668681002386237,21.015,19.744,19.247,18.999,18.898,1.272,0.496,0.745,0.133
Input line 111: 2577743
19 27 26.302,+37 53 46.97,2577743-Kepler,2577743,2,4,3511,4.056,0.038,15.838,14.427,11.260,14.014,,,,1.411,2.605,5.403,4.578,,,0.044,0.747,46,2,16,24,10,1.882,1.373,2.950,1.345,1.084,,15.207,15.747,14.374,-1,,1237672005297439406,18.434,15.885,14.469,13.267,12.630,2.548,1.416,2.619,3.174e-4
Input line 112: 2581298
19 30 29.599,+37 52 45.62,2581298-Kepler,2581298,2,4,3868,4.594,0.041,16.757,15.397,13.087,15.310,,44117921331198,13.068,1.360,2.067,4.504,3.670,,,0.112,0.633,456,2,16,24,10,1.809,1.518,2.540,1.282,1.241,3.704,16.159,16.772,15.254,1,,1237668681539519372,19.474,16.796,15.395,14.673,14.302,2.678,1.401,2.123,1.713e-4
Input line 113: 2581444
19 30 38.753,+37 48 27.25,2581444-Kepler,2581444,2,4,4094,4.550,0.046,16.093,14.855,12.939,14.883,,44117920879444,12.876,1.238,1.728,3.939,3.154,,,0.060,0.640,386,2,16,24,10,1.779,1.275,2.066,1.188,1.138,3.132,15.522,16.008,14.733,-1,,1237668681539520538,18.735,16.119,14.877,14.370,14.090,2.616,1.242,1.749,5.777e-4
19 30 38.136,+37 48 32.36,2581437-Kepler,2581437,0,4,5974,4.307,0.291,18.550,17.952,16.568,17.961,,44117921332056,16.601,0.598,0.841,1.424,1.982,,,0.743,0.644,388,2,16,24,10,0.614,0.740,1.227,0.707,0.343,1.904,18.200,18.505,17.765,-1,,1237668681539520540,20.156,18.538,17.919,17.680,17.538,1.619,0.619,0.858,0.148
Input line 114: 2583553
19 32 29.081,+37 51 49.07,2583553-Kepler,2583553,2,4,4263,4.635,0.065,16.657,15.538,13.807,15.589,,44117921260985,13.778,1.119,1.525,3.526,2.850,,,0.222,0.650,257,2,16,24,10,1.688,1.323,2.005,1.116,1.315,2.895,16.137,16.673,15.350,-1,,1237672005834707392,19.208,16.640,15.487,15.086,14.866,2.568,1.153,1.554,1.383e-4
19 32 29.050,+37 51 53.09,2583552-Kepler,2583552,0,4,,,,17.739,16.836,16.560,16.865,,,,0.903,1.250,2.942,1.179,,,0.628,0.545,258,2,16,24,10,,,,0.915,,,18.568,,,,,,,,,,,,,,0.067
Input line 115: 2584692
19 33 28.759,+37 52 29.17,2584692-Kepler,2584692,2,4,4108,4.468,0.028,14.583,13.369,11.477,13.397,,,,1.214,1.694,3.862,3.106,,,0.053,0.835,144,2,16,24,10,3.007,1.727,2.359,1.174,1.245,,14.041,14.677,12.950,-1,,1237672005834771163,17.169,14.704,13.517,15.987,12.596,2.464,1.187,-1.282,2.079e-4
19 33 28.715,+37 52 20.22,2584689-Kepler,2584689,0,4,,,,19.165,18.044,16.065,18.060,,44117921228834,16.119,1.121,1.580,3.765,3.100,,,0.853,0.528,145,2,16,24,10,,,,,,,19.561,,,,,,,,,,,,,,0.149
Input line 116: 2692704
19 03 06.098,+37 55 22.08,2692704-Kepler,2692704,2,4,3624,4.098,0.029,15.057,13.685,10.619,13.324,,,,1.372,2.475,5.288,4.438,,,0.145,0.772,114,6,22,20,4,1.795,1.393,2.896,1.445,1.091,,14.509,15.024,13.631,-1,,,,,,,,,,,3.156e-4
19 03 06.403,+37 55 26.15,2692708-Kepler,2692708,2,4,3531,4.053,0.033,15.478,14.116,11.006,13.719,,44117921529498,10.988,1.362,2.513,5.315,4.472,,,0.254,0.723,117,6,22,20,4,1.832,1.387,2.939,1.431,1.190,4.456,14.896,15.444,14.057,-1,,,,,,,,,,,0.090
Input line 117: 2692708
19 03 06.403,+37 55 26.15,2692708-Kepler,2692708,2,4,3531,4.053,0.033,15.478,14.116,11.006,13.719,,44117921529498,10.988,1.362,2.513,5.315,4.472,,,0.254,0.723,117,6,22,20,4,1.832,1.387,2.939,1.431,1.190,4.456,14.896,15.444,14.057,-1,,,,,,,,,,,6.556e-4
19 03 06.098,+37 55 22.08,2692704-Kepler,2692704,2,4,3624,4.098,0.029,15.057,13.685,10.619,13.324,,,,1.372,2.475,5.288,4.438,,,0.145,0.772,114,6,22,20,4,1.795,1.393,2.896,1.445,1.091,,14.509,15.024,13.631,-1,,,,,,,,,,,0.090
19 03 06.101,+37 55 32.56,2692705-Kepler,2692705,0,4,5550,4.461,0.174,17.252,16.641,15.211,16.671,,44117921529495,15.323,0.611,0.831,2.679,2.041,,,0.586,0.626,117,6,22,20,4,0.622,0.724,1.229,0.783,0.245,1.943,16.986,17.266,16.542,-1,,,,,,,,,,,0.122
19 03 06.864,+37 55 31.73,2692718-Kepler,2692718,0,4,6130,4.376,0.184,16.763,16.294,15.169,16.335,21.726,44117921529496,15.207,0.469,0.612,2.161,1.594,,4.963,0.640,0.686,119,6,22,20,4,0.451,0.600,1.021,0.730,0.155,1.562,16.571,16.769,16.169,-1,,,,,,,,,,,0.130
Input line 118: 2692772
19 03 10.872,+37 56 32.53,2692772-Kepler,2692772,2,4,3904,4.449,0.060,17.276,15.907,13.643,15.862,,44117921529764,13.610,1.369,2.019,4.460,3.633,,,0.091,0.641,137,6,22,20,4,1.795,1.410,2.404,1.325,1.265,3.620,16.671,17.230,15.820,-1,,,,,,,,,,,3.957e-4
Input line 119: 2693993
19 04 46.654,+37 59 47.94,2693993-Kepler,2693993,2,4,4301,4.657,0.053,16.168,15.094,13.401,15.158,,44117921516748,13.340,1.074,1.442,3.460,2.767,,,0.075,0.744,396,6,22,20,4,1.666,1.158,1.826,1.128,1.167,2.795,15.637,16.135,14.977,-1,,,,,,,,,,,7.092e-4
Input line 120: 2694414
19 05 13.423,+37 58 38.96,2694414-Kepler,2694414,2,4,4244,4.458,0.062,16.194,15.060,13.259,15.122,,44117921497888,13.205,1.134,1.531,3.692,2.935,,,0.061,0.727,451,6,22,20,4,1.720,1.166,1.876,1.143,1.131,2.883,15.630,16.088,14.922,-1,,1237668678853133546,18.666,16.129,15.011,14.591,14.339,2.536,1.119,1.539,6.341e-4
19 05 12.828,+37 58 42.17,2694404-Kepler,2694404,0,4,5599,4.410,0.198,18.351,17.757,16.434,17.712,23.213,44117921497895,16.409,0.594,0.913,2.636,1.917,,4.862,0.426,0.572,450,6,22,20,4,0.637,0.700,1.192,0.767,0.150,1.823,17.998,18.232,17.532,-1,,1237668678853133547,19.675,18.185,17.611,17.413,17.346,1.489,0.574,0.773,0.128
Input line 121: 2695622
19 06 47.261,+37 59 42.54,2695622-Kepler,2695622,2,4,3870,4.387,0.060,17.164,15.788,13.403,15.700,,44117921483420,13.368,1.376,2.092,4.577,3.761,,,0.132,0.808,335,6,22,20,4,1.830,1.463,2.508,1.345,,3.740,16.491,17.108,15.645,-1,,1237672003148318883,19.818,17.216,15.746,15.024,14.610,2.602,1.470,2.192,1.576e-4
Input line 122: 2695885
19 07 07.980,+37 57 15.08,2695885-Kepler,2695885,2,4,3540,4.133,0.058,17.184,15.815,12.708,15.418,,44117921482816,12.674,1.369,2.522,5.271,4.476,,,0.071,0.734,273,6,22,20,4,1.461,1.565,3.085,1.396,,4.599,16.570,17.273,15.708,-1,,1237672003148384038,19.749,17.183,15.805,14.646,14.014,2.566,1.377,2.537,7.074e-5
Input line 123: 2708172
19 21 10.022,+37 58 51.89,2708172-Kepler,2708172,2,4,4126,4.580,0.029,14.995,13.781,11.878,13.814,,44117921430099,11.832,1.214,1.688,3.877,3.117,,,0.034,0.872,245,2,16,24,10,1.873,1.277,2.044,1.139,1.223,3.084,14.425,14.916,13.639,-1,False_Positive,1237668680465056323,17.555,14.992,13.763,16.604,13.006,2.563,1.229,-1.613,4.741e-4
Input line 124: 2708787
19 21 47.746,+37 59 19.36,2708787-Kepler,2708787,2,4,4084,4.547,0.049,16.327,15.078,13.119,15.096,,44117921433718,13.059,1.249,1.759,3.965,3.208,,,0.083,0.768,269,2,16,24,10,1.941,1.309,2.115,1.186,1.245,3.188,15.735,16.247,14.938,-1,,1237672004760112203,18.886,16.290,15.019,14.494,14.226,2.596,1.271,1.795,8.459e-4
19 21 47.632,+37 59 11.52,2708785-Kepler,2708785,0,4,,,,19.564,19.026,,19.066,,44117921433696,18.170,0.538,0.712,,,,,0.799,0.545,268,2,16,24,10,,1.240,1.899,,,2.823,,20.993,19.753,-1,,1237672004760112205,24.229,20.931,19.912,19.516,19.375,3.297,1.020,1.416,0.133
Input line 125: 2713086
19 25 47.038,+37 56 58.31,2713086-Kepler,2713086,2,4,4034,4.287,0.065,16.344,15.062,12.849,15.020,,44117921381211,12.823,1.282,1.892,4.328,3.495,,,0.060,0.654,66,2,16,24,10,1.791,1.359,2.301,1.204,1.147,3.544,15.838,16.367,15.008,-1,,1237668681002255643,18.798,16.383,15.090,14.438,14.078,2.415,1.294,1.945,4.507e-4
Input line 126: 2713304
19 25 58.570,+37 58 58.08,2713304-Kepler,2713304,2,4,4048,4.435,0.075,17.233,15.918,13.794,15.921,,44117921382344,13.758,1.315,1.874,4.256,3.439,,,0.634,0.744,59,2,16,24,10,2.006,1.396,2.291,1.240,1.284,3.436,16.654,17.194,15.798,-1,,1237668681002255835,20.033,17.303,15.888,15.293,14.986,2.730,1.415,2.009,7.884e-5
19 25 58.399,+37 58 57.93,2713297-Kepler,2713297,0,4,,,,15.830,14.586,13.794,14.548,,,,1.244,1.830,2.852,2.036,,,,,59,2,16,24,10,,,,,,,,,,,Possible_artifact,,,,,,,,,,0.034
19 25 58.473,+37 58 55.55,2713299-Kepler,2713299,0,4,,,,15.700,,13.794,16.820,,,,,-1.120,2.722,1.906,,,0.697,0.505,60,2,16,24,10,,,,,,,,,,,,,,,,,,,,,0.046
19 25 58.335,+37 58 58.95,2713295-Kepler,2713295,0,4,,,,15.197,14.086,13.794,14.105,,,,1.111,1.559,2.219,1.403,,,,,59,2,16,24,10,,,,,,,,,,,Possible_artifact,,,,,,,,,,0.048
19 25 58.135,+37 58 54.80,2713288-Kepler,2713288,0,4,6076,4.295,0.272,18.587,18.062,16.711,18.132,,44117921382297,17.000,0.525,0.650,3.770,1.876,,,0.918,0.683,59,2,16,24,10,0.335,0.579,1.011,0.538,-0.047,1.486,18.303,18.486,17.907,-1,,1237668681002255840,19.720,18.500,18.059,17.881,17.832,1.220,0.441,0.620,0.102
19 25 58.164,+37 59 04.49,2713291-Kepler,2713291,2,4,4326,2.332,0.221,14.313,13.061,10.954,13.106,,,,1.252,1.724,4.253,3.359,,,0.033,0.810,56,2,16,24,10,2.490,1.308,2.078,1.328,1.744,,13.695,14.237,12.929,-1,,1237668681002255834,17.605,15.559,13.131,12.758,13.363,2.046,2.428,2.801,0.133
