892376
1026146
1026474
1162635
1164102
1292688
1297303
1429921
1430349
1430893
1431060
1431116
1432700
1432745
1435229
1569682
1569863
1570915
1571364
1572802
1573478
1577265
1718071
1721911
1722506
1849590
1865663
1866535
1866924
1866986
1867358
1868579
1870952
1871120
1872885
1873523
1873543
1996574
2010738
2012731
2013627
2013754
2014203
2015703
2015767
2016979
2017692
2018383
2020185
2020638
2140909
2142372
2142451
2156061
2156718
2157356
2160105
2161569
2162907
2163101
2163610
2163634
2167693
2282712
2282944
2285598
2300039
2300440
2301872
2302851
2302997
2305760
2309152
2311842
2423549
2424688
2435893
2436635
2437270
2437317
2438151
2441409
2441562
2441891
2441989
2442004
2442866
2443037
2443364
2443935
2444406
2445782
2446934
2448311
2448958
2554730
2555523
2557350
2557669
2558314
2568503
2570277
2570846
2572352
2574013
2574427
2575433
2576013
2576328
2577210
2577743
2581298
2581444
2583553
2584692
2692704
2692708
2692772
2693993
2694414
2695622
2695885
2708172
2708787
2713086
2713304
