8675931
8676029
8676081
8676086
8676163
8676181
8676604
8677016
8677057
8677186
8677188
8677354
8677562
8678012
8678042
8678082
8678090
8678227
8678242
8678445
8678457
8678480
8681303
8681461
8681477
8681494
8681527
8681537
8681636
8681743
8681817
8681882
8682015
8682111
8682180
8682243
8682321
8682433
8682709
8682939
8683144
8683284
8683878
8683882
8683991
8684010
8684026
8684041
8684104
8684439
8684512
8684543
8684857
8685007
8685174
8685644
8685662
8685913
8686010
8686086
8686928
8687011
8687192
8687524
8687869
8688557
8688681
8689154
8689192
8689606
8689644
8689698
8689718
8689739
8689822
8689978
8690025
8690071
8690178
8690294
8692694
8692766
8693017
8693078
8693402
8693437
8693451
8693783
8693806
8693857
8693926
8693972
8694259
8694284
8694286
8694451
8694459
8694559
8694772
8694854
8694995
8695109
8695266
8695303
8695661
8695811
8695929
8695986
8696043
8696237
8696242
8700573
8700943
8701047
8701156
8701179
8701242
8701276
8701352
8701569
8701666
8701922
8702029
8702064
8702424
8702719
8702815
8702985
8703074
8703132
8703506
8703532
8703914
8707561
8707792
8707960
8708139
8708957
8709234
8709293
8709568
8709593
8709968
8710167
8710207
8710234
8710694
8710889
8711527
8711820
8712608
8712626
8712745
8712798
8712863
8713594
8714189
8714686
8714704
8714856
8714950
8715027
8715272
8715306
8715511
8715890
8716080
8716102
8716187
8716714
8716912
8717117
8717150
8717692
8717773
8717856
8718072
8718318
8718439
8718687
8719128
8719129
8719164
8719272
8719482
8719816
8720125
8720320
8733242
8733469
8733550
8733659
8733742
8733834
8733902
8733904
8735884
8736607
8736693
8736828
8736900
8736943
8736976
8737120
8737124
8737147
8737267
8737322
8737443
8737595
8737625
8737729
8737789
8737920
8737965
8738141
8738229
8738442
8738455
8738863
8739040
8739070
8739092
8739220
8739319
8740018
8740037
8740057
8740195
8740221
8740349
8740578
8740627
8740669
8740808
8740935
8740965
8740969
8740973
8741009
8741097
8741211
8741221
8741295
8741487
8741502
8741608
8741649
8741719
8741839
8742406
8742449
8742591
8742704
8742819
8742831
8743047
8743053
8743107
8743145
8745924
8746026
8746237
8746355
8746399
8746452
8746464
8746663
8746763
8747363
8747629
8747675
8747743
8747795
8747826
8747899
8747904
8747910
8747972
8748188
8748224
8748297
8748346
8748405
8748526
8748564
8748615
8748670
8748678
8749147
8749214
8749306
8749634
8749718
8749769
8749823
8749978
8750035
8750129
8750420
8750503
8750571
8750577
8750697
8750772
8750934
8750985
8751484
8751783
8751813
8751902
8752763
8753023
8753627
8753763
8753806
8753961
8753991
8754018
8754282
8754296
8754388
8754492
8756766
8757042
8757080
8757341
8757629
8757999
8758021
8758163
8758338
8758461
8758552
8758577
8759032
8759094
8759187
8759202
8759273
8759399
8759517
8759539
8759570
8759594
8759623
8759677
8759777
8760104
8760121
8760250
8760445
8760461
8760485
8760541
8760596
8760815
8761053
8761064
8761164
8761200
8761297
8761380
8761518
8761563
8765577
8765865
8766172
8766268
8766349
8766462
8766522
8766707
8766808
8766832
8766918
8766934
8766982
8767034
8767038
8767105
8767283
8767470
8767544
8767634
8767669
8767678
8771098
8771390
8771592
8771863
8771889
8772083
8772148
8772185
8772415
8772427
8772445
8772564
8772577
8772648
8772738
8773380
8773551
8773994
8774002
8774802
8775173
8775284
8776281
8776565
8776824
8776920
8777235
8777264
8779047
8779660
8780122
8780205
8780274
8780751
8781283
8781335
8781452
8782564
8782697
8782805
8783787
8784119
8784120
8784296
8784361
8798311
8798367
8798451
8798468
8800702
8800705
8800768
8800910
8801035
8801228
8801244
8801269
8801340
8801363
8801554
8801637
8801774
8801843
8801919
8802001
8802106
8802340
8802528
8802624
8802684
8803043
8803185
8803511
8803540
8803643
8803762
8803772
8803974
8803979
8804018
8804069
8804147
8804398
8804402
8804762
8804792
8804962
8805111
8805196
8805343
8805356
8805469
8805524
8805920
8805924
8806179
8806397
8806446
8806713
8806779
8806816
8806907
8807031
8807085
8807240
8807389
8807448
8807717
8807928
8807946
8807988
8808134
8808383
8808408
8811531
8811740
8811811
8811901
8811954
8812215
8812509
8812566
8812603
8812627
8812766
8812904
8812946
8812958
8813055
8813109
8813205
8813251
8813625
8813650
8813830
8814060
8814089
8814123
8814296
8814737
8814775
8814813
8814872
8814927
8814984
8815006
8815117
8815335
8815992
8816594
8816650
8816832
8816881
8817046
8817051
8817143
8817158
8817303
8817323
8817358
8817505
8817551
8817792
8817845
8817926
8818018
8818095
8818096
8818159
8818193
8818226
8818245
8818303
8818436
8818439
8818530
8818583
8819334
8819383
8819605
8821904
8821996
8822213
8822214
8822269
8822421
8822612
8822622
8822626
8822710
8822896
8823120
8823233
8823412
8823658
8823698
8823902
8823992
8824141
8824158
8824315
8824362
8824380
8824848
8824937
8825177
8825314
8825438
8825564
8825755
8825763
8825819
8825951
8826002
8826003
8826025
8826038
8826222
8826273
8826285
8826335
8826750
8827428
8827519
8827961
8828060
8831652
8831684
8831687
8831886
8831920
8832056
8832146
8832265
8832353
8832372
8832552
8832613
8832625
8832639
8832676
8836097
8836192
8836308
8836388
8836473
8836826
8836921
8837025
8837045
8837074
8837239
8837309
8837452
8837573
8837738
8837839
8838457
8838515
8838564
8838576
8838620
8838755
8838877
8838894
8839947
8840083
8840117
8840759
8841148
8841211
8841894
8842164
8842196
8843268
8843564
8843818
8843859
8843975
8843982
8844077
8844237
8844761
8845285
8845552
8845826
8846102
8846848
8847040
8847250
8847654
8847759
8847951
8847988
8848001
8848196
8848528
8848544
8848600
8865915
8865978
8866038
8866136
8866350
8866395
8866467
8866490
8866554
8867182
8867191
8867382
8867452
8867547
8867609
8867869
8868637
8868719
8868995
8869074
8869186
8869491
8869504
8869506
8869507
8869855
8869921
8870286
8870365
8870545
8870648
8870706
8870709
8870750
8870848
8871051
8871159
8871360
8872202
8872222
8872281
8872335
8872578
8872668
8872857
8873448
8873450
8873498
8873517
8873529
8873629
8873632
8873690
8873763
8873894
8873953
8873983
8878433
8878492
8878517
8878678
8878935
8879082
8879105
8879242
8879335
8879436
8879475
8879681
8880282
8880352
8880417
8880472
8881090
8881126
8881146
8881158
8881201
8881243
8881244
8881273
8881282
8881476
8881894
8881943
8881976
8882048
8882050
8882315
8882429
8882746
8882996
8883075
8883121
8883245
8883308
8884014
8884155
8884158
8884366
8885042
8885113
8885304
8885423
8885433
8885518
8885779
8885807
8885816
8888592
8888680
8888827
8888948
8889176
8889317
8889387
8889401
8889467
8889581
8889584
8890151
8890865
8890960
8891009
8891012
8891150
8891292
8891332
8891498
8891684
8891846
8891941
8892000
8892101
8892124
8892170
8892315
8892548
8892926
8893027
8893157
8893327
8893476
8893866
8894425
8894433
8894479
8894525
8894914
8894934
8895062
8895107
8895221
8895238
8895258
8895303
8895482
8895765
8895913
8896112
8896468
8899548
8903403
8903742
8903898
8904589
8905293
8905722
8906056
8906132
8906418
8907597
8908544
8908779
8909758
8909833
8909853
8911404
8912241
8912302
8912338
8912711
8912942
8913671
8913894
8913972
8914062
8914233
8914251
8914514
8914991
8915317
8915398
8915654
8916356
8916411
8916469
8933532
8933611
8933735
8934039
8934237
8934394
8934748
8934816
8934893
8935140
8935416
8935497
8935605
8935630
8935644
8935655
8935997
8936300
8936408
8936541
8936598
8936624
8936652
8936696
8936722
8936900
8936920
8937005
8937052
8937106
8937142
8937771
8937840
8938170
8938174
8938376
8938427
8938479
8938669
8938801
8938882
8938890
8939163
8939211
8939341
8939799
8939987
8940344
8940442
8940612
8940708
8940926
8941120
8941206
8941261
8941398
8941460
8941548
8941581
8943104
8943120
8943155
8943283
8946131
8946162
8946267
8946651
8946683
8946731
8946785
8946856
8946916
8946960
8947024
8947218
8947254
8947255
8947280
8947384
8947435
8947442
8947604
8947609
8948179
8948432
8948618
8948691
8948704
8948709
8948992
8949023
8949252
8949352
8949412
8949512
8949538
8949632
8949663
8949910
8950115
8950146
8950549
8950837
8951055
8951111
8951117
8951217
8951304
8951465
8951492
8951565
8951689
8951694
8951721
8951867
8951873
8952097
8952106
8952315
8952407
8952604
8952632
8952667
8952697
8952800
8952942
8952983
8953325
8955540
8955613
8955871
8955889
8956092
8956096
8956193
8956342
8956483
8956492
8956831
8956874
8956929
8957023
8957218
8957265
8957542
8957572
8957764
8957803
8957866
8957999
8958080
8958231
8958243
8958386
8958472
8958488
8958500
8958682
8958942
8959087
8959189
8959288
8959429
8959448
8959478
8959520
8959708
8959739
8959993
8960059
8960131
8960136
8960179
8960682
8960890
8960906
8960932
8960937
8961045
8961162
8961549
8961875
8961906
8961914
8961923
8961970
8961977
8962007
8962074
8962137
8962193
8962224
8962244
8962308
8962344
8962599
8962605
8962775
8962913
8962915
8963324
8963348
8963725
8963742
8963830
8963919
8964050
8964081
8964399
8971294
8971577
8971874
8971879
8971924
8972041
8972123
8972338
8972908
8972956
8973137
8973160
8973305
8973811
8973900
8973931
8974233
8974429
8974601
8974917
8975269
8975468
8976256
8976342
8976344
8976756
8976767
8976801
8976915
8977120
8977176
8977179
8977559
8977853
8977910
8979204
8979238
8979564
8979694
8979743
8979851
8980451
8980565
8980809
8980850
8980897
8981109
8981233
8981446
8981506
8981621
8981701
8981766
8982080
8982489
8982630
8983492
8984241
8984268
8984819
8984831
8984949
8985072
8985157
8985384
9001624
9001859
9002074
9002091
9002180
9002183
9002248
9002304
9002888
9003054
9003348
9003405
9003470
9003552
9003879
9003922
9003963
9004058
9004302
9004472
9004474
9004502
9004514
9004587
9005027
9005040
9005083
9005138
9005449
9005853
9005895
9006008
9006221
9006474
9006584
9006872
9006891
9007016
9007332
9007388
9007577
9007953
9008103
9008142
9008321
9008345
9008460
9009211
9009229
9009256
9009390
9009486
9009514
9009769
9009800
9009849
9009876
9011865
9011877
9011894
9011954
9011963
9011983
9012171
9012182
9012244
9012272
9012329
9015973
9016072
9016428
9016445
9016519
9016859
9017220
9017238
9017438
9017577
9017693
9017904
9017907
9017946
9018044
9018181
9018212
9018440
9018449
9018496
9018675
9018694
9018938
9019246
9019339
9019344
9019435
9019565
9019601
9019951
9020345
9020391
9020510
9020754
9021021
9021052
9021291
9021593
9021707
9021831
9021921
9021998
9022001
9024729
9024768
9024795
9024869
9024901
9024907
9025098
9025367
9025444
9025473
9025557
9025600
9025615
9025662
9025739
9025856
9025941
9026007
9026015
9026207
9026233
9026334
9026472
9026550
9026619
9026682
9026883
9026887
9026978
9026994
9027225
9027260
9027329
9027670
9027776
9027902
9027912
9028034
9028082
9028134
9028346
9028413
9028495
9028551
9028667
9028802
9028816
9028866
9028927
9028977
9029275
9029375
9029451
9029517
9029518
9030712
9030716
9030765
9030812
9030835
9030931
9031013
9031086
9031452
9031504
9031522
9031634
9031787
9031859
9032082
9032140
9032386
9032388
9032544
9032621
9032669
9032715
9032883
9033017
9033022
9033052
9033355
9033381
9033497
9033502
9033643
9033739
9033741
9034074
9034599
9040177
9040228
9040605
9040983
9041163
9041584
9041676
9041740
9041912
9041966
9041967
9042351
9042563
9043167
9043947
9044063
9044227
9044728
9044755
9044831
9045772
9046116
9046282
9046798
9046855
9047437
9048440
9048460
9048551
9048949
9048976
9049088
9049219
9049299
9049518
9049540
9049593
9049697
9049839
9050019
9050287
9050403
9050543
9050725
9050785
9051076
9051698
9051723
9051739
9051905
9052052
9052612
9052635
9052848
9052849
9053655
9054536
9070772
9070892
9070898
9070953
9071286
9071321
9071369
9071384
9071425
9071446
9071518
9071529
9071946
9072018
9072280
9072559
9072583
9072753
9072888
9073131
9073460
9073517
9073565
9073566
9073762
9073955
9073985
9074530
9074736
9074955
9074961
9075109
9075301
9075305
9075364
9075708
9075735
9075825
9075896
9075931
9075982
9075993
9076212
9076238
9076474
9076541
9076664
9076717
9076772
9076879
9076928
9076959
9077007
9077126
9077161
9077192
9077237
9077376
9077397
9077401
9077456
9077463
9077491
9077511
9077568
9077823
9079671
9079869
9079891
9080364
9080424
9080652
9080730
9080809
9080928
9083866
9083971
9084156
9084222
9084226
9084240
9084322
9084486
9084596
9084742
9084806
9084857
9085111
9085112
9085245
9085567
9085950
9085981
9086378
9086479
9086673
9086834
9086900
9087016
9087205
9087249
9087398
9087482
9087519
9087580
9087958
9088036
9088058
9088061
9088379
9088528
9088759
9091020
9091061
9091114
9091261
9091334
9091513
9091622
9091673
9091708
9091730
9091780
9091876
9091897
9091929
9091940
9092205
9092247
9092374
9092430
9092497
9092744
9092883
9093001
9093020
9093033
9093086
9093392
9093501
9093696
9093763
9093831
9093939
9094062
9094521
9094629
9094773
9094939
9095100
9095110
9095153
9095182
9095289
9095292
9095405
9095433
9095849
9096005
9096045
9096191
9096380
9097096
9097169
9097199
9097285
9097726
9097788
9098294
9098337
9098698
9098775
9099377
9099512
9099604
9099624
9099798
9099876
9099894
9100271
9100279
9100562
9100792
9100875
9101055
9101205
9101420
9101443
9101525
9101620
9106657
9107602
9107656
9107716
9107802
9108382
9108419
9108513
9108743
9108746
9108981
9108998
9109003
9110114
9111033
9111333
9111372
9112164
9112320
9113824
9113851
9113975
9114183
9114508
9114614
9114848
9115374
9115725
9116075
9116193
9116461
9116512
9116740
9117123
9117167
9117390
9117760
9117806
9117914
9118402
9118518
9118677
9118695
9118981
9119108
9136906
9137094
9137146
9137153
9137160
9137189
9137217
9137255
9137257
9137297
9137385
9137531
9137580
9137689
9137728
9138040
9138056
9138084
9138149
9138286
9138297
9138398
9138426
9138434
9138680
9138764
9138848
9138992
9139230
9139564
9139582
9139648
9139776
9140459
9140662
9141060
9141097
9141156
9141177
9141266
9141404
9141571
9141582
9141609
9141693
9141737
9141747
9141755
9141761
9141881
9142010
9142219
9142314
9142315
9142334
9142393
9142489
9142684
9142714
9142773
9142888
9142931
9142932
9142974
9142980
9143133
9143439
9143477
9143563
9143566
9143782
9145681
9145697
9145926
9146066
9146242
9146352
9146366
9146406
9146690
9146935
9147006
9147368
9149986
9150107
9150143
9150166
9150219
9150280
9150284
9150330
9150451
9150496
9150518
9150539
9150566
9150573
9150788
9150879
9150898
9150921
9150977
9151085
9151149
9151205
9151264
9151271
9151468
9151664
9151799
9151921
9151950
9152029
9152299
9152469
9152773
9152885
9153013
9153079
9153174
9153246
9153357
9153363
9153622
9153823
9153899
9154105
9154153
9154246
9156522
9156552
9156562
9156636
9156829
9156839
9156872
9156957
9157140
9157161
9157163
9157372
9157436
9157515
9157670
9157703
9157773
9157785
9157900
9158038
9158052
9158109
9158123
9158334
9158393
9158428
9158589
9158651
9158869
9158909
9159012
9159099
9159119
9159146
9159158
9159240
9159416
9159472
9159496
9159678
9159861
9160099
9160139
9160220
9160630
9160683
9160739
9160749
9160764
9160845
9160873
9160884
9160945
9161260
9161286
9161330
9161405
9161418
9161431
9161945
9162027
9162048
9162224
9162699
9162919
9163170
9163192
9163257
9163385
9163456
9163494
9163565
9163591
9163714
9163769
9163939
9164037
9164055
9164299
9164315
9164439
9164811
9164937
9165053
9165082
9165112
9165258
9165361
9165425
9165516
9165620
9165748
9166215
9166223
9166386
9166595
9166700
9166927
9171826
9171847
9171863
9172211
9172217
9172288
9172504
9172572
9172729
9173014
9173313
9173365
9173393
9173541
9173561
9173604
9173741
9173820
9174258
9174418
9174466
9174504
9174536
9174800
9174862
9174919
9175009
9175366
9175570
9176145
9176383
9178003
9178421
9178425
9178548
9179046
9179191
9179219
9179256
9179509
9179513
9179536
9179683
9179713
9179906
9180066
9180282
9180618
9180700
9180708
9181027
9181083
9181091
9181340
9181442
9181883
9181894
9181959
9182085
9182310
9182391
9182484
9182562
9182617
9182756
9182882
9182941
9183174
9183249
9183503
9183522
9201406
9201411
9201444
9201481
9201790
9201830
9201919
9201924
9201929
9202077
9202247
9202273
9202277
9202309
9202340
9202479
9202697
9202755
9202850
9202899
9202950
9202954
9202960
9203045
9203047
9203154
9203304
9203319
9203369
9203379
9203478
9203561
9203682
9203794
9204100
9204242
9204482
9204525
9204529
9204556
9204822
9204850
9205081
9205164
9205171
9205211
9205266
9205287
9205301
9205311
9205321
9205571
9205633
9205830
9205855
9205876
9206471
9206601
9206633
9206636
9206845
9206949
9207031
9207050
9207290
9207315
9209124
9209134
9209156
9209245
9209278
9209451
9209497
9209718
9209780
9209793
9209837
9209934
9209982
9210192
9210535
9210546
9210773
9210935
9210994
9211154
9211183
9211495
9214543
9214598
9214608
9214909
9214930
9215039
9215289
9215495
9215594
9215644
9215697
9215841
9215844
9216075
9216124
9216231
9216358
9216515
9216544
9216561
9216773
9216811
9217049
9217246
9217248
9217348
9217369
9217387
9217460
9217583
9219756
9220002
9220143
9220227
9220235
9220341
9220465
9220614
9220684
9220793
9221091
9221352
9221520
9221678
9222246
9222284
9222333
9222519
9222547
9222584
9222781
9222852
9222857
9222859
9223780
9223932
9224204
9224252
9224362
9224372
9224514
9224698
9225381
9225384
9225385
9225647
9225755
9225829
9226004
9226237
9226438
9226525
9226550
9226624
9226844
9226913
9226959
9227009
9227112
9227629
9228077
9228234
9228333
9228348
9228398
9228734
9228766
9228786
9228927
9228962
9229016
9229171
9229210
9229309
9229470
9229542
9229666
9229676
9229748
9229773
9229798
9229811
9229993
9230012
9230137
9230187
9230422
9236416
9236478
9236560
9236960
9237149
9237445
9237564
9237575
9237696
9237845
9237964
9237991
9238276
9238346
9238899
9239602
9239681
9239704
9239775
9239799
9240041
9241220
9241346
9241762
9242059
9242367
9242427
9242473
9242654
9242755
9242780
9242840
9243008
9243051
9243084
9243671
9244164
9244171
9244267
9244528
9244722
9244768
9245070
9245891
9245968
9246161
9246548
9264468
9264619
9265122
9265173
9265337
9265556
9265564
9265748
9265875
9266231
9266335
9266687
9266689
9266994
9267030
9267182
9267673
9267719
9267809
9267818
9267857
9267918
9267921
9268013
9268071
9268128
9268259
9268881
9268902
9268965
9269023
9269082
9269155
9269239
9269497
9269688
9269813
9269817
9269844
9270059
9270162
9271789
9271868
9271869
9271935
9271936
9272100
9272150
9272181
9272197
9272210
9272291
9272298
9272356
9272359
9272360
9272477
9272511
9273162
9273229
9273364
9273533
9273544
9273730
9273802
9274085
9274092
9274217
9274511
9274513
9277681
9278258
9278473
9278617
9278679
9278686
9278800
9278818
9278884
9278902
9279210
9279359
9279388
9279451
9279516
9279550
9279666
9279708
9279846
9280010
9280013
9282598
9282728
9282813
9282882
9283107
9283203
9283211
9283386
9283524
9283529
9283572
9283623
9283645
9283820
9283840
9283894
9283980
9283985
9283991
9283993
9284206
9284357
9284379
9284403
9284469
9284485
9284599
9284616
9284819
9284964
9284969
9285046
9285090
9285155
9285195
9285237
9285307
9285996
9286118
9286138
9286324
9286410
9286422
9286527
9286809
9286860
9286866
9286958
9287446
9287547
9287643
9287663
9287712
9287887
9287933
9287947
9288075
9288124
9288148
9288197
9288228
9288261
9288449
9288848
9289009
9289069
9289134
9289135
9289250
9289275
9289411
9289433
9289587
9289817
9289916
9290256
9290258
9290266
9290455
9290526
9290647
9290677
9290679
9290688
9290742
9290868
9291107
9291123
9291325
9291402
9291490
9291754
9291759
9291823
9292041
9292130
9292191
9292247
9292405
9292640
9299787
9300066
9300581
9301267
9301392
9301954
9301964
9302506
9302601
9302902
9303651
9303842
9303943
9303969
9304367
9304698
9304752
9304809
9304821
9304963
9305114
9305231
9305357
9305686
9305907
9305908
9306022
9306025
9306085
9306231
9306271
9306290
9306369
9306597
9306900
9307127
9307142
9307374
9307443
9307918
9308124
9308187
9308239
9308289
9324105
9326053
9326184
9326289
9326538
9326573
9326593
9326711
9326811
9326862
9326903
9327014
9327053
9327148
9327316
9327559
9327921
9328136
9328224
9328229
9328622
9328799
9328832
9328983
9328987
9329177
9329541
9329571
9329586
9330065
9330224
9330591
9331032
9331054
9331328
9332668
9332741
9333111
9333212
9333277
9333505
9333840
9333852
9334028
9334394
9334481
9334574
9334682
9334721
9334867
9334928
9335060
9335072
9335087
9335198
9335306
9335378
9335664
9335684
9335898
9335932
9335972
9335973
9336118
9336140
9336208
9336212
9336515
9339297
9339450
9339525
9339790
9340090
9340201
9340204
9340291
9340503
9340517
9340565
9340769
9340944
9340955
9340958
9341032
9341201
9343412
9343666
9343700
9343869
9343905
9344262
9344475
9344782
9344807
9344990
9345271
9345526
9345624
9345655
9345674
9346152
9346156
9346250
9346255
9346289
9346348
9346482
9346491
9346591
9346592
9347066
9347204
9347355
9347432
9347452
9347525
9347625
9347829
9347854
9347955
9347979
9348056
9348740
9348928
9348964
9349055
9349188
9349202
9349426
9349698
9349749
9349755
9349986
9350055
9350079
9350446
9350511
9350552
9350577
9350690
9350875
9350876
9351012
9351038
9351095
9351275
9351326
9351358
9351397
9351448
9351535
9351536
9351586
9351620
9351896
9352074
9352231
9352281
9352655
9352665
9352974
9353309
9353359
9353485
9353605
9353608
9353723
9353758
9353824
9353949
9354114
9356801
9357369
9357375
9362445
9364836
9364877
9365185
9365427
9365561
9365789
9365959
9366020
9366149
9366522
9366580
9366643
9366772
9366795
9367154
9367207
9367345
9367964
9367979
9368014
9368360
9368366
9368424
9368662
9368681
9368873
9368998
9369022
9369295
9369544
9369561
9369727
9385959
9385960
9386019
9386141
9386276
9386300
9388304
9388493
9388721
9388752
9388834
9389043
9389049
9389059
9389074
9389206
9389216
9389594
9389628
9389658
9389733
9390228
9390310
9390376
9390664
9390670
9390703
9390926
9390927
9391335
9391356
9391492
9391901
9392121
9392260
9392349
9392583
9392589
9392694
9393015
9393085
9393090
9393108
9393174
9394637
9394736
9394760
9394762
9394834
9395164
9395205
9395373
9395387
9395709
9395821
9395840
9395873
9395950
9395986
9396153
9396164
9396202
9396288
9396359
9396652
9396721
9396793
9396955
9396979
9396990
9397109
9397159
9397315
9397569
9397642
9397655
9397683
9397710
9398137
9398202
9398206
9398382
9398411
9401571
9401635
9401648
9401856
9401912
9401951
9402036
9402039
9402081
9402117
9402124
9402241
9402384
9402438
9402479
9402544
9404938
9405346
9405374
9405445
9405452
9405477
9405504
9405858
9406281
9406607
9406887
9406896
9406987
9407014
9407118
9407162
9407213
9407483
9407578
9407581
9407907
9407973
9408035
9408048
9408373
9408380
9408529
9408553
9408663
9408974
9409006
9409040
9409106
9409212
9409238
9409548
9409643
9410241
9410243
9410279
9410702
9410771
9410888
9410906
9410923
9411071
9411074
9411323
9411496
9411563
9411621
9411735
9411748
9411840
9412053
9412057
9412111
9412258
9412262
9412275
9412308
9412358
9412463
9412498
9412514
9412605
9412659
9412707
9412708
9412728
9412748
9413313
9413324
9413537
9413663
9413677
9413712
9413794
9413834
9414077
9414088
9414097
9414180
9414211
9414380
9414381
9414450
9414492
9414501
9414557
9414701
9414719
9414747
9414754
9414842
9414920
9414950
9417871
9417893
9418054
9418093
9418133
9418264
9418464
9418499
9418527
9418746
9418850
9419065
9419261
9419288
9419381
9419385
9419411
9419474
9419545
9419697
9419711
9425064
9425107
9425286
9425506
9425585
9425593
9425635
9425784
9426135
9426179
9426508
9426817
9426928
9426955
9427144
9427196
9427265
9427368
9427378
9427765
9427948
9427977
9428095
9428112
9428173
9428236
9428244
9428314
9428476
9428648
9428817
9428900
9428980
9429013
9429060
9429137
9429343
9429593
9429822
9429910
9429955
9430152
9430321
9430383
9430755
9430846
9446628
9446737
9446775
9446879
9446911
9446915
9446945
9446992
9447000
9447022
9447076
9449234
9449447
9449503
9449576
9449643
9450259
9450275
9450364
9450368
9450474
9450529
9450669
9451248
9451256
9451299
9451323
9451503
9451512
9451669
9451850
9451937
9452062
9452147
9452233
9452594
9452762
9452921
9453009
9453143
9453185
9453218
9453510
9453582
9455103
9455181
9455236
9455518
9455535
9455694
9455756
9455994
9456155
9456165
9456198
9456234
9456270
9456599
9456901
9456920
9456932
9456980
9457064
9457426
9457453
9457534
9457618
9457706
9457901
9457945
9458165
9458187
9458280
9458521
9458528
9458558
9459050
9459067
9459105
9459312
9459362
9459463
9459474
9459767
9462919
9462952
9463150
9463210
9465671
9465696
9465796
9466035
9466149
9466245
9466312
9466404
9466571
9466836
9467108
9467342
9467370
9467373
9467425
9467427
9467601
9467741
9467861
9467895
9467899
9467900
9467905
9467994
9468183
9468214
9468242
9468247
9468355
9468518
9468648
9468789
9468841
9468853
9468935
9468966
9469010
9469159
9469261
9469350
9469371
9469524
9469532
9469612
9469735
9469760
9469869
9469908
9469945
9470099
9470136
9470720
9470955
9470987
9471026
9471038
9471169
9471239
9471262
9471316
9471337
9471344
9471538
9471631
9471672
9471891
9472109
9472134
9472157
9472183
9472239
9472251
9472284
9472375
9472518
9472570
9472615
9472645
9472897
9472906
9472930
9472943
9472973
9473032
9473064
9473097
9473294
9473359
9473565
9473570
9473985
9474018
9474045
9474075
9474101
9474121
9474225
9474226
9474239
9474309
9474361
9474509
9474589
9474717
9474819
9474995
9475042
9475051
9475194
9475321
9475625
9475778
9475919
9475922
9475936
9478848
9478966
9479069
9479173
9479374
9479495
9479539
9479551
9479760
9479798
9479967
9480105
9480244
9480292
9480317
9480332
9480386
9480651
9480808
9480985
9481106
9481462
9481758
9481887
9486863
9486955
9486984
9487351
9487442
9487552
9487902
9487931
9487994
9488159
9488191
9488563
9488723
9488736
9488740
9488919
9488989
9489236
9489365
9489478
9489512
9489525
9489529
9489852
9489970
9490300
9490365
9490624
9490881
9491147
9491205
9491303
9491558
9491721
9491750
9491800
9491823
9491880
9491961
9492028
9492074
9508099
9508288
9508321
9508547
9508579
9508744
9509071
9509259
9509300
9509546
9509579
9511659
9511794
9511937
9512039
9512046
9512076
9512119
9512137
9512150
9512162
9512316
9512675
9512722
9513494
9513524
9513589
9513644
9513720
9513738
9513745
9513786
9513811
9514043
9514159
9514186
9514274
9514298
9514361
9514388
9514763
9514852
9514879
9514963
9514980
9515011
9515049
9515073
9515082
9515093
9515223
9516724
9517519
9517521
9517590
9517693
9517766
9517946
9517951
9517991
9517997
9518019
9518205
9518295
9518752
9518982
9519013
9519275
9519298
9519349
9519352
9519422
9519435
9519623
9519751
9519853
9520019
9520084
9520089
9520118
9520142
9520152
9520219
9520317
9520338
9520539
9520546
9520655
9520963
9521080
9521209
9521243
9521258
9521317
9521412
9521449
9524680
9526915
9526927
9527000
9527035
9527049
9527088
9527194
9527408
9527520
9527528
9527692
9528212
9528222
9528293
9528521
9528738
9528797
9528839
9529088
9529108
9529125
9529214
9529322
9529355
9529435
9529741
9529787
9529928
9529993
9530033
9530170
9530263
9530292
9530511
9530553
9530663
9530960
9530968
9530980
9531117
9531169
9531394
9531406
9531467
9531969
9531976
9532025
9532127
9532379
9532418
9532430
9532489
9532496
9532708
9532744
9532760
9532794
9532880
9532912
9532939
9533014
9533182
9533200
9533234
9533258
9533353
9533364
9533452
9533595
9533613
9533670
9533836
9533866
9533955
9534045
9534199
9534366
9534406
9534658
9534862
9534999
9535151
9535171
9535182
9535229
9535247
9535657
9535985
9536171
9536270
9536311
9536353
9536371
9536467
9536645
9539754
9539841
9540122
9540243
9540675
9540796
9540967
9541090
9541094
9541163
9541369
9541394
9541573
9541613
9541762
9541809
9542006
9542147
9542159
9542251
9542343
9542723
9542800
9543177
9543302
9543658
9543852
9548545
9548761
9548981
9548991
9549247
9549300
9549367
9549513
9549705
9549728
9549741
9550137
9550612
9550833
9551226
9551233
9551523
9551555
9552214
9552352
9552501
9552574
9552837
9552905
9569175
9569210
9569233
9569434
9569463
9569640
9569954
9569997
9570077
9570305
9570426
9570523
9570698
9570709
9570781
9570794
9570877
9571057
9573061
9573366
9573527
9573722
9573759
9574047
9574060
9574284
9574574
9574706
9574751
9574801
9574939
9574994
9575042
9575132
9575199
9575279
9575292
9575305
9575591
9575639
9575694
9575728
9575777
9575789
9575937
9576407
9576412
9578520
9578609
9578759
9578763
9578787
9578800
9578842
9578919
9579050
9579191
9579266
9579643
9579750
9579753
9579876
9580051
9580375
9580638
9580671
9580749
9580910
9580955
9580957
9580980
9580987
9581030
9581070
9581106
9581183
9581214
9581390
9581502
9581609
9581831
9581875
9581885
9581907
9582184
9582666
9582701
9582720
9582932
9583093
9583208
9583255
9583352
9583357
9583465
9583493
9583496
9583871
9588430
9588461
9588514
9588783
9588880
9589006
9589090
9589120
9589235
9589306
9589309
9589411
9589583
9589867
9590105
9590246
9590249
9590392
9590640
9590652
9590661
9590720
9591019
9591031
9591076
9591182
9591279
9591401
9591503
9591593
9591660
9591765
9591845
9591963
9592100
9592261
9592558
9592725
9592732
9592939
9593363
9593457
9593538
9593572
9593626
9593736
9593883
9593885
9593890
9593921
9594041
9594061
9594099
9594184
9594189
9594263
9594273
9594287
9594369
9594399
9594576
9594642
9594645
9594718
9594723
9594726
9594747
9594804
9594843
9594935
9595006
9595062
9595170
9595238
9595291
9595415
9595449
9595474
9595575
9595710
9595725
9595731
9595846
9595994
9596147
9596181
9596231
9596261
9596294
9596313
9596580
9596620
9596847
9596852
9596946
9597009
9597039
9597042
9597244
9597304
9597361
9597440
9597454
9597472
9597617
9597695
9597704
9597853
9597882
9598005
9598086
9598232
9598234
9598315
9598483
9598499
9598507
9601150
9601232
9601302
9601379
9601420
9601485
9601825
9601848
9601878
9601977
9602083
9602179
9602322
9602418
9602495
9602658
9603157
9603175
9603197
9603336
9603367
9603398
9603403
9603445
9603472
9603679
9603731
9603809
9603955
9604346
9604418
9604510
9604563
9604649
9604664
9604670
9604728
9604756
9605099
9605166
9605249
9605603
9605714
9605729
9605900
9605965
9606106
9606116
9606163
9606336
9606349
9606574
9606758
9606822
9606829
9611323
9611592
9611608
9611962
9612106
9612171
9612217
9612225
9612347
9613290
9613452
9613610
9613725
9630570
9630671
9630855
9630929
9631018
9631020
9631366
9631417
9631438
9631794
9631914
9631920
9632007
9632096
9632244
9632251
9632432
9632532
9632738
9632829
9635483
9635570
9635613
9635631
9636090
9636095
9636126
9636291
9636406
9636415
9636601
9636656
9636857
9636858
9637002
9637007
9637036
9637073
9637196
9637218
9637631
9639021
9639035
9639094
9639133
9639134
9639137
9639250
9639324
9639346
9639410
9639455
9639480
9640071
9640204
9640248
9640285
9640335
9640472
9640570
9640579
9640599
9640649
9640760
9640761
9640860
9641112
9641301
9641312
9641642
9641884
9641975
9642071
9642196
9642253
9642648
9642683
9642788
9643189
9643210
9643212
9643215
9643241
9643261
9643271
9643552
9643598
9643691
9643841
9644066
9644202
9644337
9644681
9644683
9644739
9644748
9644837
9644914
9644954
9645079
9645084
9645096
9645188
9649220
9649300
9649447
9649677
9649798
9649809
9649831
9649839
9650017
9650445
9650530
9650575
9650815
9650858
9650902
9650958
9651157
9651303
9651429
9651510
9651708
9651871
9651943
9652255
9652292
9652354
9652406
9652586
9652680
9652725
9653110
9653126
9653238
9653378
9653422
9653430
9653447
9653570
9653576
9653654
9654240
9654453
9654627
9654808
9654810
9654919
9654970
9654981
9654982
9655045
9655067
9655094
9655102
9655122
9655134
9655172
9655226
9655233
9655276
9655280
9655306
9655310
9655315
9655316
9655331
9655385
9655390
9655392
9655417
9655424
9655435
9655452
9655458
9655469
9655471
9655556
9655568
9655601
9655609
9655617
9655661
9655677
9655718
9655730
9655754
9655785
9655792
9655799
9655841
9655885
9655891
9655917
9655940
9655970
9656050
9656102
9656165
9656314
9656371
9656472
9656480
9656547
9656556
9656719
9656940
9656987
9657194
9657399
9657425
9657552
9657607
9657635
9657726
9657772
9657850
9657969
9658057
9658069
9658087
9658101
9658361
9658431
9658557
9658673
9658824
9659022
9659036
9659131
9661883
9661885
9662031
9662045
9662061
9662116
9662204
9662322
9662392
9662396
9662457
9662525
9662561
9662713
9662773
9662825
9663013
9663025
9663056
9663141
9663167
9663202
9663224
9663523
9663534
9663658
9663988
9664175
9664307
9664374
9664445
9664493
9664607
9664821
9665076
9665394
9665616
9665626
9665893
9665908
9665919
9666115
9666173
9666277
9666330
9666454
9666548
9666600
9666621
9666902
9667062
9667490
9667501
9667852
9667853
9667925
9668027
9668082
9668569
9668997
9673270
9673483
9673723
9673747
9673750
9673870
9673891
9674346
9674385
9674595
9674771
9691460
9691776
9691810
9691854
9692092
9692206
9692230
9692518
9692612
9692828
9692927
9692944
9693116
9693322
9693387
9693494
9693506
9693668
9693679
9693765
9693806
9693812
9693909
9696331
9696373
9696478
9696749
9696822
9696833
9696898
9696915
9696929
9696938
9696971
9696985
9697184
9697208
9697299
9697306
9697324
9697454
9697490
9697509
9697563
9697601
9697725
9697791
9697800
9698016
9698042
9698045
9698224
9700065
9700181
9700186
9700223
9700359
9700366
9700497
9700650
9700730
9700855
9700913
9700914
9701012
9701450
9701629
9701634
9701719
9701750
9701813
9701901
9701940
9701988
9702040
9702112
9702122
9702201
9702213
9702479
9702540
9702550
9702582
9702771
9702922
9703015
9703555
9703789
9703839
9703887
9703982
9704078
9704094
9704174
9704269
9704317
9704341
9704377
9704431
9704682
9704696
9704713
9704724
9704756
9704821
9704834
9704943
9704967
9704997
9705028
9705034
9705079
9705092
9705098
9705183
9705432
9705496
9705642
9705673
9706296
9706434
9706486
9706591
9706804
9706951
9707179
9710336
9710373
9710394
9710428
9710436
9710472
9710511
9710612
9710739
9710941
9711202
9711291
9711941
9711999
9712019
9712059
9712185
9712252
9712259
9712383
9712457
9712475
9712552
9712563
9712736
9712941
9712943
9712963
9712988
9713071
9713110
9713191
9713242
9713310
9713353
9713399
9713432
9713573
9713715
9713986
9714146
9714214
9714228
9714427
9714563
9714567
9714605
9714983
9715055
9715088
9715099
9715121
9715138
9715154
9715179
9715236
9715488
9715580
9715600
9715686
9715798
9715819
9715856
9715931
9715969
9715987
9716008
9716092
9716103
9716112
9716113
9716121
9716146
9716154
9716169
9716177
9716189
9716210
9716268
9716286
9716316
9716378
9716387
9716393
9716395
9716502
9716530
9716645
9716650
9716668
9716694
9716707
9716831
9716918
9717161
9717190
9717194
9717345
9717373
9717386
9717441
9717461
9717563
9717567
9717683
9717880
9718106
9718187
9718301
9718321
9718393
9718664
9718880
9718972
9719064
9719088
9719294
9719556
9720114
9722513
9722664
9722677
9722834
9722909
9722938
9723029
9723164
9723254
9723303
9723383
9723418
9723464
9723760
9723813
9723992
9724175
9724280
9724328
9724348
9724426
9724519
9724593
9724654
9724820
9724861
9725092
9725130
9725264
9725311
9725368
9725377
9725476
9725546
9725561
9725697
9725793
9726020
9726032
9726613
9726785
9726817
9726908
9726932
9726982
9727020
9727154
9727436
9727496
9727669
9727761
9727771
9727922
9728188
9728408
9728695
9728710
9728868
9729127
9729451
9729887
9729984
9730022
9730249
9730373
9730417
9730603
9730609
9751796
9752037
9752189
9752322
9752446
9752890
9753017
9753210
9753503
9753511
9753647
9753740
9754098
9754969
9754973
9755118
9757163
9757344
9757436
9757640
9757721
9757925
9757944
9758034
9758042
9758051
9758301
9758543
9758685
9758710
9758864
9760280
9760327
9760362
9760440
9760637
9760640
9760726
9760947
9761029
9761100
9761113
9761158
9761167
9761752
9762293
9762390
9762481
9762706
9762895
9763019
9763099
9763257
9763312
9763437
9763640
9763726
9763786
9764192
9764205
9764279
9764477
9764489
9764608
9764678
9764707
9764868
9764877
9764947
9765018
9765035
9765118
9765161
9765197
9765207
9765275
9765477
9765523
9765828
9765906
9765969
9765973
9766084
9766511
9766587
9766608
9766616
9766637
9766956
9767031
9767158
9767253
9767444
9767524
9767527
9767626
9767643
9767793
9770983
9771285
9771332
9771402
9771488
9771526
9771663
9771718
9771948
9772081
9772095
9772321
9772331
9772346
9772630
9772643
9772725
9772788
9772806
9772849
9772862
9772883
9772914
9772971
9773176
9773384
9773450
9773581
9773626
9773847
9774082
9774141
9774156
9774192
9774201
9774244
9774285
9774290
9774291
9774430
9774449
9774589
9775172
9775219
9775249
9775381
9775418
9775786
9775844
9775854
9775887
9776062
9776113
9776191
9776237
9776327
9776413
9776436
9776475
9776478
9776546
9776558
9776614
9776641
9776694
9776732
9776771
9776827
9776906
9776909
9776916
9776935
9777063
9777258
9777306
9777327
9777349
9777737
9777793
9777828
9777909
9777994
9778186
9778187
9778224
9778379
9778425
9778578
9778608
9778654
9778839
9778909
9778927
9779061
9779106
9779365
9779373
9779409
9779575
9780199
9782740
9782773
9782831
9782847
9782945
9782956
9783132
9783185
9783270
9783339
9783606
9783781
9784078
9784166
9784559
9784591
9784599
9784638
9784680
9784973
9784989
9785119
9785288
9785579
9785648
9785663
9786062
9786071
9786335
9786364
9786502
9786529
9786636
9786678
9786780
9786809
9786877
9786893
9786953
9787117
9787125
9787172
9787228
9787240
9787270
9787272
9787340
9787348
9787349
9787380
9787516
9787812
9787873
9788062
9788260
9788615
9788804
9788828
9788907
9789630
9789699
9789916
9790081
9790574
9790615
9790785
9790889
9791148
9791157
9791476
9791600
9791615
9791707
9812042
9812065
9812086
9812212
9812320
9812511
9812607
9812640
9812871
9812929
9813003
9813079
9813088
9813390
9813448
9813465
9813472
9813745
9813767
9813950
9814158
9814374
9815113
9815249
9815309
9815460
9815529
9815596
9818003
9818169
9818222
9818319
9818373
9818472
9818820
9820524
9820578
9820778
9820789
9821082
9821105
9821142
9821232
9821238
9821337
9821344
9821382
9821488
9821508
9821545
9821642
9821702
9821721
9821777
9821847
9821952
9822046
9822052
9822163
9823103
9823179
9823404
9823433
9823549
9823597
9823630
9823663
9823756
9823762
9823846
9823931
9824038
9824105
9824186
9824744
9824914
9824990
9825207
9825237
9825370
9825404
9825405
9825449
9825515
9825674
9825693
9825766
9825820
9825858
9826171
9826464
9826597
9826668
9826772
9826815
9826856
9827048
9827087
9827094
9827120
9827393
9827544
9827656
9827856
9827940
9827983
9828138
9828292
9828350
9828367
9832235
9832382
9832411
9832420
9832811
9832820
9832917
9833178
9833329
9833554
9833625
9833666
9833868
9833991
9834008
9834221
9834236
9834255
9834307
9834508
9834661
9834837
9835357
9835366
9835433
9835438
9835505
9835691
9835762
9836099
9836168
9836234
9836261
9836271
9836337
9836460
9836564
9836823
9836986
9837012
9837081
9837269
9837495
9837504
9837556
9837922
9838036
9838078
9838119
9838140
9838206
9838213
9838215
9838246
9838311
9838358
9838447
9838537
9838602
9838643
9838729
9838763
9838924
9838935
9839079
9839260
9839379
9839395
9839485
9839571
9839696
9839749
9839824
9839847
9839872
9839961
9839974
9839980
9840009
9840129
9840159
9840227
9840250
9840406
9840429
9842792
9842889
9842958
9842972
9843019
9843101
9843211
9843225
9843283
9843399
9843464
9843609
9843628
9843725
9843813
9843827
9843854
9843899
9844360
9844444
9844511
9844659
9844667
9844835
9845007
9845087
9845245
9845362
9845544
9845558
9845645
9845758
9845949
9846223
9846258
9846290
9846353
9846449
9846463
9846631
9846979
9847115
9847134
9847505
9847805
9847840
9847860
9847877
9847963
9848077
9848292
9848298
9848420
9848587
9848648
9848689
9848711
9848760
9848781
9848787
9848792
9848932
9848948
9848968
9849014
9849712
9850224
9850309
9850346
9850417
9850853
9850912
9850975
9851638
9852050
9852201
9853314
9853379
9872188
9872330
9872434
9872514
9872592
9872872
9873004
9873255
9873272
9873280
9873577
9873729
9873858
9873972
9874152
9874206
9874258
9874263
9874467
9874575
9874701
9875085
9875101
9875451
9875707
9875793
9875865
9878225
9878503
9879930
9880027
9880382
9880497
9880549
9880626
9880751
9880769
9880777
9880787
9880839
9880841
9880926
9881044
9881482
9881635
9881650
9881658
9881660
9881751
9881857
9881928
9882216
9882247
9882303
9882662
9882703
9883361
9883500
9883594
9883634
9883802
9883939
9884229
9884277
9884284
9884377
9884583
9884760
9885428
9885433
9885552
9885607
9885649
9885985
9886244
9886395
9886415
9886450
9886491
9886499
9886812
9886822
9886860
9887165
9887238
9887242
9887338
9887628
9887831
9892636
9892699
9892822
9893470
9893496
9893999
9894073
9894105
9894383
9895007
9895019
9895111
9895121
9895138
9895166
9895192
9895251
9895422
9895686
9895890
9896025
9896250
9896492
9896609
9896700
9896733
9896784
9896878
9896996
9897031
9897060
9897158
9897200
9897328
9897464
9897560
9897710
9897830
9897922
9897959
9898005
9898046
9898127
9898159
9898170
9898181
9898385
9898405
9898481
9898497
9898515
9898639
9898686
9898787
9898800
9898811
9898874
9898879
9898985
9899153
9899186
9899193
9899202
9899284
9899449
9899557
9899577
9899621
9899670
9899703
9899874
9899900
9899946
9899964
9902554
9902786
9903125
9903134
9903203
9903429
9903540
9903613
9903639
9903965
9904114
9904420
9904506
9904772
9904937
9904955
9905152
9905241
9905279
9905289
9905352
9905398
9905488
9905574
9905599
9905669
9905710
9905724
9905877
9905902
9905951
9905966
9906082
9906180
9906489
9906553
9906689
9906710
9906770
9906784
9906862
9906936
9907227
9907282
9907329
9907448
9907450
9907463
9907608
9907651
9907711
9908121
9908153
9908305
9908309
9908400
9908426
9908526
9908579
9909232
9909487
9909890
9909950
9910083
9910107
9910286
9910318
9910458
9910459
9910701
9910816
9911331
9911449
9911522
9911723
9911828
9912689
9913134
9913163
9913798
9913861
9932154
9932202
9932288
9932309
9932534
9933305
9933464
9933507
9933759
9934360
9934371
9934865
9935067
9935092
9935213
9935242
9935268
9935383
9935385
9935454
9935558
9935739
9936389
9936452
9936515
9936724
9938768
9940621
9940737
9940808
9940993
9940997
9941061
9941348
9941508
9941632
9941718
9941810
9941815
9941901
9942216
9942242
9942443
9942472
9942695
9942857
9942858
9942881
9943009
9943140
9943177
9943180
9943188
9943223
9943331
9943375
9943450
9943569
9943626
9943650
9944337
9944357
9944414
9944449
9944485
9944612
9944730
9944770
9944991
9945070
9945595
9945771
9945839
9945866
9946011
9946017
9946335
9946447
9946488
9946506
9946547
9946569
9946811
9946870
9946930
9946999
9947052
9947058
9947267
9947668
9947785
9947792
9947907
9948123
9948145
9948147
9953491
9953637
9953673
9953741
9953829
9954008
9954054
9954542
9954584
9955089
9955316
9955334
9955366
9955562
9955576
9955746
9955807
9956120
9956212
9956461
9956473
9956591
9956856
9957187
9957191
9957238
9957276
9957324
9957525
9957866
9958180
9958509
9958544
9958806
9958829
9958873
9959012
9959022
9959126
9959180
9959192
9959238
9959368
9959480
9959608
9959812
9959853
9959884
9959948
9959966
9962278
9962516
9962522
9962599
9962811
9962814
9962955
9962989
9963105
9963255
9963274
9963335
9963442
9963468
9963569
9963628
9963635
9963670
9963678
9963717
9963726
9963744
9963795
9963819
9963886
9963916
9964032
9964354
9964411
9964422
9964492
9964565
9964662
9964781
9964787
9964892
9964925
9964934
9964938
9965066
9965345
9965363
9965386
9965595
9965597
9965624
9965735
9965888
9966073
9966085
9966470
9966527
9966915
9967035
9967088
9967153
9967391
9967445
9967449
9967493
9967732
9967804
9967853
9968076
9968101
9968398
9968963
9969084
9969121
9969147
9969188
9969599
9969607
9969621
9969800
9969806
9970028
9970255
9970371
9970652
9970677
9970700
9970761
9970838
9970848
9970883
9971018
9971183
9971294
9971455
9971549
9971915
9972092
9972195
9972576
9973795
9973805
9974113
9974142
9974714
9991259
9991488
9991565
9992006
9992058
9992083
9992509
9992816
9992824
9992904
9992954
9993034
9993191
9993295
9993334
9993367
9993532
9993683
9993806
9993810
9993819
9994206
9994229
9994237
9994756
9994783
9994928
9995419
9995748
9995787
9995918
9996023
9996105
9996172
9996244
9996414
9996468
9996478
9996625
9996778
9999869
9999901
10000090
10000291
10000330
10000500
10000785
10000800
10000823
10000939
10000976
10001000
10001002
10001116
10001129
10001142
10001304
10001312
10001313
10001658
10001688
10001733
10001808
10001957
10002203
10002787
10002792
10002816
10002867
10002915
10002938
10003161
10003243
10003342
10003491
10003533
10003568
10003593
10003599
10003601
10004453
10004510
10004596
10004605
10004664
10004751
10004781
10004804
10005439
10005482
10005605
10005609
10005692
10005772
10005961
10006032
10006127
10006164
10006288
10006542
10006576
10006579
10006730
10006986
10007095
10007265
10007439
10007519
10007720
10007916
10008087
10008290
10010283
10010516
10010994
10011038
10011070
10011411
10014558
10014630
10014689
10014707
10014787
10014894
10014945
10015286
10015379
10015383
10015438
10015467
10015569
10015672
10015686
10015708
10015721
10015945
10015980
10016032
10016145
10016239
10016262
10016317
10016419
10016444
10016759
10016867
10017003
10017047
10017057
10017092
10017391
10017413
10017419
10017469
10018119
10018146
10018202
10018224
10018237
10018322
10018363
10018382
10018467
10018573
10018619
10018778
10018820
10018836
10018866
10018969
10019022
10019114
10019233
10019242
10019281
10019358
10019381
10019668
10019818
10019820
10019950
10019971
10020013
10020291
10020298
10022892
10023058
10023062
10023082
10023254
10023341
10023555
10023642
10023645
10023933
10024014
10024062
10024283
10024363
10024648
10024687
10025069
10025122
10025195
10025331
10025388
10025746
10025805
10025841
10025969
10026178
10026182
10026186
10026372
10026654
10026667
10026758
10026782
10026881
10026977
10027003
10027020
10027282
10027426
10027462
10027517
10027973
10028414
10028450
10028524
10028599
10028665
10028824
10028888
10028915
10028987
10029078
10029853
10029913
10029943
10030361
10030386
10030676
10030731
10030915
10030993
10031286
10031308
10031468
10031550
10032430
10032516
10032631
10032819
10032838
10033242
10033272
10033366
10033625
10033833
10034197
10034234
10034425
10034643
10034864
10034926
10035363
10035558
10053071
10053675
10053995
10054004
10054085
10054119
10054414
10055107
10055337
10055727
10055855
10056241
10056245
10056387
10056408
10056437
10056447
10056652
10056727
10057537
10057846
10057941
10058035
10058376
10058570
10058843
10059186
10059190
10059199
10059265
10059373
10059380
10062514
10062593
10062715
10062762
10062798
10062905
10062987
10063075
10063343
10063442
10063483
10063527
10063612
10063775
10063806
10063898
10064099
10064130
10064358
10064522
10064591
10064620
10064704
10064754
10064857
10064860
10064965
10065092
10065158
10065198
10065322
10065366
10065425
10065429
10065555
10065745
10065836
10065923
10065928
10065953
10065957
10066179
10066323
10066359
10066603
10067340
10067449
10067606
10068002
10068507
10068557
10068574
10068598
10068609
10068646
10068745
10068906
10068939
10069078
10069342
10069378
10069894
10070180
10070247
10070331
10070799
10070928
10070982
10070991
10071047
10071206
10071328
10071382
10071383
10071470
10071497
10073595
10073772
10073864
10073997
10074020
10074060
10074067
10074226
10074520
10074938
10075065
10075215
10078440
10078861
10079002
10079146
10079226
10079245
10079317
10079324
10079354
10079452
10079481
10079596
10079875
10080186
10080204
10080239
10080305
10080424
10080455
10080592
10080792
10080921
10081040
10081119
10081136
10081150
10081256
10081434
10081534
10081565
10081606
10081703
10081743
10081883
10081884
10081899
10081918
10081993
10082009
10082058
10082082
10082344
10082384
10082542
10082549
10082556
10082573
10082618
10082757
10082941
10082977
10083021
10083199
10083203
10083309
10083318
10083396
10083675
10083803
10083970
10086746
10086816
10086842
10086883
10087011
10087102
10087130
10087296
10087390
10087424
10087493
10087517
10087717
10087760
10087833
10087863
10087912
10087973
10087978
10088111
10088130
10088190
10088297
10088610
10088775
10088843
10089123
10089262
10089646
10089777
10089813
10089902
10090026
10090075
10090128
10090151
10090234
10090348
10090352
10090373
10090413
10090467
10090572
10091124
10091197
10091201
10091313
10091380
10091404
10091450
10091543
10091612
10091703
10091786
10091809
10091851
10092136
10092245
10092508
10092637
10092728
10092805
10093494
10093620
10093782
10093890
10093963
10093991
10094036
10094368
10094566
10094721
10094872
10094911
10095333
10095348
10095411
10095698
10095820
10095901
10095933
10096302
10096665
10096977
10096978
10097040
10097052
10097069
10097384
10097397
10097622
10097880
10097942
10098201
10098540
10098625
10098671
10098760
10098887
10098969
10099612
10099790
10118250
10118339
10118610
10118672
10118677
10118893
10118964
10119109
10119326
10119471
10120379
10120460
10120683
10120750
10120971
10121004
10121118
10121126
10121251
10121268
10121366
10121374
10121750
10121766
10122336
10122487
10122937
10122944
10123052
10123367
10123523
10123547
10123637
10123761
10123787
10123950
10124435
10124496
10124521
10124752
10124839
10125102
10125106
10125303
10125510
10128034
10128261
10128323
10128463
10128760
10128789
10129332
10129425
10129675
10129799
10129857
10129859
10130243
10130282
10130595
10130646
10130721
10130902
10131101
10131225
10131504
10131550
10131650
10131950
10132365
10132417
10132432
10132870
10132948
10133176
10133536
10133712
10134498
10134584
10134654
10134709
10134806
10135084
10135168
10135207
10135493
10135595
10135600
10135637
10135949
10135959
10136258
10136307
10136365
10136417
10136437
10136527
10136630
10136679
10136949
10138882
10139070
10139126
10139141
10139216
10139234
10139305
10139448
10139572
10139688
10139853
10140072
10140097
10140324
10140513
10140691
10140708
10140717
10140887
10140949
10141132
10141271
10141400
10141439
10141739
10141815
10141889
10145423
10145773
10145778
10145851
10145950
10146052
10146119
10146172
10146181
10146262
10146308
10146386
10146461
10146539
10146652
10146692
10146769
10147068
10147559
10147635
10147771
10147801
10147854
10147864
10148234
10148291
10148726
10148864
10149096
10149299
10149340
10149405
10149445
10149989
10152808
10153022
10153036
10153177
10153212
10153340
10153478
10153506
10153521
10153589
10153598
10153774
10153849
10153943
10153969
10154011
10154171
10154204
10154207
10154291
10154299
10154349
10154475
10154490
10154579
10154592
10154976
10154991
10155219
10155288
10155305
10155407
10155427
10155590
10155710
10155784
10155816
10156075
10156173
10156210
10156327
10156399
10156457
10156517
10156908
10156958
10157116
10157123
10157215
10157288
10157384
10157385
10157917
10158021
10158119
10158151
10158204
10158283
10158424
10158429
10158590
10158680
10158715
10158798
10158855
10158879
10159320
10160115
10160124
10160534
10160679
10160694
10160727
10161873
10161960
10162024
10162150
10162201
10162375
10162416
10162436
10162509
10162620
10162688
10162736
10162792
10162836
10163066
10163318
10163509
10163609
10163713
10163894
10164378
10164382
10164567
10164753
10164867
10164895
10164899
10165751
10165815
10165823
10166321
10185657
10185709
10185748
10185762
10185859
10185979
10186360
10186368
10186425
10186649
10186745
10187248
10187304
10187494
10187510
10187556
10187590
10187689
10188242
10188378
10188460
10188594
10188622
10188654
10188758
10188858
10188940
10188944
10188980
10189039
10189082
10189205
10189476
10189542
10189674
10189880
10189985
10190048
10190470
10190766
10190873
10190957
10191449
10191459
10191981
10192060
10192231
10193096
10195760
10195818
10196127
10196291
10196314
10196418
10196473
10196605
10196623
10196750
10196762
10196885
10196902
10197121
10197198
10197227
10197260
10197380
10197441
10197545
10197588
10197875
10197916
10197929
10198356
10198381
10198505
10198507
10198664
10198744
10198872
10199126
10199239
10199394
10199446
10199556
10199564
10199596
10199661
10199685
10199844
10200308
10200415
10200489
10200535
10200615
10200722
10200900
10201975
10202419
10202496
10202683
10202707
10202767
10202783
10203039
10203041
10203098
10203141
10203218
10203345
10203442
10205804
10205999
10206134
10206793
10207296
10207302
10207362
10207402
10207505
10207821
10207900
10208053
10208140
10208196
10208303
10208355
10208370
10208470
10208502
10212376
10212726
10212783
10212984
10212988
10213448
10213566
10213744
10213932
10214368
10214481
10214535
10214540
10214873
10214966
10215099
10215254
10215443
10215558
10215856
10215905
10219019
10219089
10219182
10219269
10219271
10219365
10219422
10219434
10219562
10219581
10219726
10219960
10220082
10220086
10220322
10220603
10220685
10220724
10220756
10220782
10221150
10221223
10221237
10221239
10221366
10221455
10221511
10221518
10221771
10221904
10222042
10222098
10222127
10222128
10222509
10222585
10222603
10222736
10222884
10222903
10223090
10223447
10223911
10224033
10224141
10224468
10224561
10224595
10224610
10224611
10224620
10224804
10224814
10225596
10225820
10225826
10225925
10226001
10226169
10226382
10226498
10226708
10226781
10228045
10228271
10229138
10229227
10229329
10230145
10230168
10230252
10230420
10230455
10230462
10230472
10230653
10231119
10231171
10231594
10231762
10232332
10251684
10251919
10252023
10252131
10252207
10252382
10252413
10252620
10252667
10252672
10252866
10252901
10252955
10253017
10253028
10253304
10253457
10253519
10253609
10253638
10253648
10253676
10253829
10253901
10253977
10254249
10254433
10254702
10255036
10255070
10255125
10255180
10255196
10255447
10255557
10255692
10256023
10256240
10256327
10256442
10256550
10256595
10256619
10256682
10256832
10257107
10257150
10257213
10257274
10257310
10257531
10257908
10258126
10258136
10258144
10258197
10258273
10258322
10258346
10258853
10259154
10259171
10259189
10259333
10259462
10262272
10262367
10262494
10262574
10262661
10262679
10262694
10262709
10263037
10263062
10263691
10263795
10263836
10263947
10263992
10264106
10264218
10264318
10264744
10265078
10265241
10265333
10265341
10265563
10265858
10266153
10266166
10266175
10266194
10266552
10266568
10266705
10266895
10267063
10267392
10267486
10267577
10267590
10267640
10267766
10267801
10267806
10267994
10268287
10268613
10268835
10268862
10268893
10268920
10268999
10269282
10269469
10269616
10271703
10271799
10272375
10272403
10272501
10272693
10273000
10273194
10273332
10273467
10273604
10273811
10273863
10273894
10273897
10274200
10274571
10274615
10274993
10275039
10275284
10275420
10275962
10275991
10276003
10279177
10279679
10279828
10279858
10279927
10280077
10280351
10280480
10280600
10280703
10280708
10280775
10280866
10280926
10280958
10281119
10281311
10281318
10281333
10281345
10281465
10281498
10281630
10281638
10281883
10281888
10281895
10281953
10282021
10284591
10284675
10284738
10284812
10284814
10284895
10284914
10284953
10285000
10285206
10285463
10285470
10285497
10285574
10285596
10285642
10285655
10285797
10285988
10286281
10286286
10286289
10286405
10286429
10286543
10286692
10286883
10286962
10287183
10287216
10287311
10287354
10287666
10287668
10287795
10287991
10288023
10288148
10288218
10288324
10288333
10288540
10288681
10288812
10288822
10289383
10289424
10289442
10289452
10289495
10289602
10289679
10289754
10289868
10290021
10290503
10290537
10290600
10290647
10290672
10291723
10291734
10291936
10292204
10292229
10292323
10292331
10292509
10292554
10292636
10292650
10292686
10293068
10293088
10293236
10293445
10293558
10293719
10293980
10294074
10294352
10294538
10295068
10295202
10295224
10295511
10295851
10296031
10296170
10296186
10296255
10296300
10296496
10296585
10296831
10297395
10297486
10297585
10297588
10298103
10317398
10317410
10317840
10318648
10318694
10318706
10318901
10318969
10319112
10319285
10319395
10319544
10319548
10320003
10320105
10320278
10320482
10320552
10320656
10321061
10321064
10321251
10321259
10321261
10321405
10321681
10321726
10321766
10322133
10322177
10322554
10322568
10322614
10322721
10322760
10323538
10323663
10323670
10323745
10323822
10323994
10324132
10324374
10324488
10324490
10324764
10324900
10324944
10325063
10328375
10328648
10328673
10328699
10328797
10328828
10328898
10328903
10329115
10329365
10329669
10329923
10330073
10330078
10330156
10330600
10330707
10330753
10330785
10330806
10330818
10330819
10331250
10331274
10331397
10331532
10331563
10331723
10331764
10331929
10332123
10332143
10332181
10332207
10332324
10332399
10332679
10332700
10332732
10332832
10332851
10333034
10333166
10333170
10333221
10333410
10333486
10334303
10334364
10334470
10334495
10334540
10334745
10334773
10334851
10336624
10336742
10336793
10336910
10336945
10336977
10337072
10337116
10337155
10337306
10337441
10337853
10337859
10338027
10338223
10338245
10338256
10338300
10338343
10338378
10338880
10339093
10339097
10339385
10339390
10339681
10339706
10339872
10339982
10340180
10340183
10340645
10340708
10340891
10341128
10341130
10341755
10341777
10341787
10345854
10345921
10345947
10346211
10346286
10346409
10346521
10346596
10346850
10346931
10347045
10347308
10350101
10350184
10350396
10350419
10350463
10350521
10350857
10350877
10350930
10350965
10350972
10351093
10351220
10351485
10351540
10351604
10351631
10351691
10351715
10351951
10352157
10352244
10352251
10352426
10352659
10352683
10352725
10353032
10353082
10353092
10353303
10353327
10353449
10353451
10353473
10353492
10353505
10353510
10353572
10353653
10353666
10353676
10353852
10353899
10354027
10354280
10354445
10354509
10354516
10354572
10354593
10354597
10354699
10354861
10354945
10354975
10355273
10355387
10355472
10355509
10355662
10355814
10355856
10355880
10355888
10355941
10356047
10356697
10356979
10357256
10357493
10358076
10358432
10358453
10358909
10358952
10359008
10359048
10359296
10359458
10359646
10359680
10359854
10360179
10360332
10360475
10360907
10360916
10361197
10361699
10361888
10361923
10362135
10362546
10362854
10362937
10363233
10382531
10382584
10382684
10382823
10382912
10382942
10382946
10383222
10383872
10383987
10384198
10384253
10384323
10384420
10384663
10384790
10384891
10385248
10385298
10385506
10385587
10385803
10385992
10386229
10386900
10386925
10387162
10387256
10387363
10387538
10387549
10387586
10387672
10387738
10387746
10387773
10387792
10387800
10388259
10388283
10388451
10388508
10388531
10388598
10388604
10388647
10388784
10388910
10389121
10389143
10389178
10389458
10389638
10389736
10389793
10393849
10394004
10394143
10394332
10394384
10394504
10394589
10394801
10394802
10394803
10394936
10395028
10395165
10395312
10395358
10395374
10395733
10395858
10395972
10396034
10396063
10396202
10396224
10396245
10396339
10396350
10396560
10396697
10397078
10397291
10397453
10397497
10397567
10397616
10397669
10397881
10397969
10398088
10398397
10398586
10398659
10398907
10399024
10399244
10401690
10401970
10402150
10402220
10402356
10402592
10402607
10402660
10402755
10402942
10403204
10403818
10404108
10404212
10404271
10404538
10404649
10404696
10404847
10405224
10405591
10405597
10405926
10406016
10406282
10406791
10406828
10407138
10407763
10407858
10411437
10411677
10411806
10411902
10412037
10412040
10412044
10414643
10414809
10415160
10415681
10416087
10416215
10416386
10416420
10416501
10416708
10416737
10416866
10416930
10417031
10417515
10417662
10417808
10417838
10417984
10418128
10418142
10418398
10418423
10418466
10418513
10418754
10418885
10418908
10419006
10419075
10419120
10419750
10419787
10419804
10419991
10420031
10420205
10420267
10420319
10420486
10420508
10420533
10420842
10421526
10421561
10421688
10421734
10421886
10421922
10421943
10422005
10422030
10422511
10422573
10422592
10422607
10422860
10423272
10423465
10423486
10423618
10423825
10424058
10424339
10424362
10424420
10424656
10424717
10424880
10424951
10424985
10425412
10425482
10425638
10425763
10425836
10426116
10426282
10426470
10426654
10426705
10426723
10426739
10426752
10426782
10426889
10426993
10427272
10427308
10427522
10447526
10447529
10447556
10447585
10447798
10447912
10448160
10448236
10448333
10448337
10448377
10448490
10449437
10449542
10449681
10449741
10449768
10449891
10450024
10450108
10450110
10450308
10450544
10450599
10450731
10450819
10450882
10450889
10451045
10451632
10452009
10452367
10452523
10452709
10452810
10453001
10453091
10453154
10453208
10453226
10453350
10453357
10453475
10453607
10453787
10454036
10454113
10454266
10454589
10454713
10455009
10456902
10459632
10459864
10459910
10459987
10460008
10460062
10460082
10460289
10460310
10460563
10460571
10460595
10460736
10460793
10460885
10461011
10461340
10461451
10461780
10461831
10462310
10462363
10462367
10462402
10462421
10463399
10463609
10463638
10463756
10463760
10463778
10463780
10463840
10463931
10463985
10464263
10464397
10464501
10464657
10464732
10464872
10465014
10465068
10467718
10467823
10467986
10468313
10468501
10468538
10468547
10468611
10468664
10468695
10468825
10468871
10468929
10468976
10468984
10469305
10469383
10469927
10470104
10470126
10470133
10470250
10470282
10470390
10470885
10471005
10471021
10471241
10471412
10471508
10471674
10471681
10471832
10471844
10471960
10472119
10472438
10472574
10472670
10472872
10473049
10473130
10473148
10473452
10473482
10474113
10480233
10480267
10480417
10480459
10480892
10480913
10481317
10481335
10481347
10481602
10481824
10482010
10482041
10482056
10482340
10482401
10482544
10482554
10482602
10482690
10482821
10482835
10482939
10482948
10483062
10483100
10483103
10483276
10483401
10483427
10483443
10483447
10483810
10483930
10483937
10483938
10484082
10484341
10484558
10484670
10484675
10484789
10485184
10485272
10485584
10485605
10485834
10485913
10485922
10485978
10486050
10486303
10486315
10487072
10487534
10487620
10487634
10487642
10487701
10487955
10488071
10488080
10488091
10488161
10488229
10488525
10488688
10489060
10489402
10489544
10489814
10490027
10490179
10490282
10490710
10490757
10491129
10491292
10491580
10491599
10491684
10492057
10492130
10492540
10492898
10493278
10493471
10513142
10513604
10513641
10513696
10513712
10514084
10514169
10514274
10514291
10514529
10514584
10514618
10514636
10514649
10514730
10515183
10515199
10515276
10515282
10515886
10515921
10515924
10515934
10515953
10515986
10515995
10516011
10516029
10516213
10516401
10516426
10516532
10516589
10517362
10517499
10517766
10517972
10518125
10518551
10518563
10518575
10518739
10518758
10518878
10519040
10519701
10521200
10521833
10522041
10522136
10522251
10522264
10524994
10525175
10525241
10525378
10525463
10525682
10525848
10525990
10526036
10526046
10526136
10526152
10526289
10526298
10526369
10526482
10526682
10526815
10526835
10526849
10526959
10527098
10527150
10527200
10527275
10527540
10527775
10527793
10527855
10527898
10527947
10527954
10528093
10528194
10528227
10528243
10528315
10528530
10528584
10528691
10528932
10529055
10529126
10529155
10529174
10529176
10529186
10529310
10529366
10529379
10529541
10529637
10529644
10529777
10532030
10532450
10532731
10533168
10533222
10533400
10533542
10534056
10534553
10534565
10534721
10534728
10534762
10535074
10535424
10535592
10535599
10535616
10535696
10535858
10535886
10536033
10536375
10536761
10536936
10537061
10537283
10537290
10537419
10537475
10537503
10537909
10537965
10537999
10538166
10538556
10538605
10538713
10538735
10538911
10538915
10539235
10544624
10544687
10544691
10544826
10544828
10545093
10545098
10545305
10545372
10545803
10545804
10545890
10546017
10546099
10546271
10546300
10546402
10546442
10546472
10546535
10546601
10546745
10546982
10547015
10547207
10547297
10547601
10547685
10547856
10548004
10548123
10548253
10548508
10548640
10548822
10548868
10549100
10549248
10549379
10549395
10549404
10549776
10549839
10549874
10549942
10550039
10550312
10550390
10550660
10550665
10550692
10551328
10551457
10551665
10551707
10551964
10551989
10552016
10552017
10552320
10552390
10552504
10552673
10552697
10552727
10552886
10553017
10553049
10553052
10553107
10553199
10553397
10553513
10553526
10553563
10553769
10553803
10553852
10554117
10554118
10554222
10554356
10554425
10555288
10555438
10555700
10555879
10556001
10556022
10556201
10556342
10556443
10556466
10556524
10556725
10556904
10557213
10557244
10557255
10557423
10578030
10578167
10578371
10578573
10578903
10578972
10579103
10579183
10579205
10579294
10579337
10579525
10579554
10579570
10579775
10579993
10580086
10580447
10580460
10580888
10580913
10581256
10581333
10581506
10581640
10582096
10582513
10582534
10582569
10582773
10582957
10583032
10583310
10583379
10583486
10583513
10583563
10584006
10584063
10584160
10584196
10585782
10585920
10585938
10585974
10586073
10586351
10586604
10586745
10586780
10586847
10587067
10587070
10587237
10587245
10587610
10587692
10589821
10590040
10590054
10590277
10590285
10590402
10590455
10590538
10590599
10590843
10591215
10591310
10591375
10591489
10591574
10591578
10591875
10591921
10592054
10592081
10592106
10592295
10592371
10592444
10592495
10592535
10592572
10592683
10592737
10592793
10593098
10593110
10593297
10593351
10593671
10593680
10593790
10593850
10593952
10594040
10594094
10594312
10596511
10596669
10597391
10597450
10597460
10597555
10597569
10597649
10597759
10598045
10598186
10598279
10598352
10598354
10598424
10599040
10599496
10599800
10599832
10599856
10600113
10600160
10600218
10600713
10600742
10600816
10600885
10601063
10601119
10601449
10601586
10601683
10601797
10602100
10602265
10602294
10602536
10603046
10603101
10603247
10603357
10603470
10603741
10603757
10604119
10604324
10604816
10605103
10609295
10609814
10609890
10609977
10610065
10610096
10610107
10610121
10610218
10610278
10610298
10610566
10610702
10611035
10611207
10611331
10611342
10611358
10611513
10611703
10611771
10611888
10611897
10611919
10612005
10612076
10612164
10612424
10612448
10612666
10613120
10613242
10613426
10613494
10613698
10613792
10613807
10613834
10613866
10613872
10614021
10614046
10614094
10614109
10614141
10614174
10614184
10614725
10614824
10614833
10614845
10614852
10614877
10614890
10614972
10615186
10615191
10615211
10616140
10616253
10616306
10616450
10616716
10616721
10617164
10617226
10617289
10617972
10618078
10618260
10618349
10618456
10618475
10618510
10618738
10618797
10618904
10618962
10619321
10619451
10619779
10619800
10619812
10619822
10620051
10620179
10620308
10620357
10620780
10620838
10621205
10621302
10621718
10621910
10621949
10621981
10622558
10644236
10644321
10644522
10644651
10644691
10644846
10644942
10645298
10645673
10645991
10646091
10646426
10646889
10647444
10647576
10647812
10647912
10648902
10649346
10649355
10649562
10651322
10651436
10651523
10651636
10651911
10651917
10651972
10652091
10652321
10652379
10652562
10652645
10652804
10653216
10655952
10655953
10656320
10656438
10656897
10657112
10657441
10657505
10657737
10657799
10657825
10658061
10658097
10658197
10658293
10658300
10658474
10658486
10658494
10658748
10658777
10658833
10658860
10658900
10659034
10659317
10659585
10659591
10659819
10661913
10661946
10662090
10662154
10662472
10663298
10663508
10664052
10664136
10664152
10664219
10664308
10664398
10664441
10664549
10664679
10665178
10665181
10665228
10665330
10665412
10665436
10665561
10665572
10666012
10666141
10666394
10666400
10666425
10666472
10666549
10666557
10666676
10666868
10666889
10666905
10666943
10666981
10667229
10667297
10667381
10667595
10667639
10667698
10667773
10667919
10667933
10667953
10668098
10668125
10668298
10668626
10668635
10668646
10668821
10669022
10669067
10669088
10669186
10669199
10669217
10669277
10669580
10669856
10669870
10669962
10670076
10670098
10670221
10670250
10670338
10670348
10670595
10670791
10670950
10671153
10674828
10675144
10675180
10675310
10675549
10675860
10675989
10676011
10676126
10676216
10676348
10676871
10677191
10677397
10677499
10677648
10677675
10677679
10677701
10677763
10677831
10677873
10677883
10677896
10677901
10678053
10678101
10678220
10678268
10678359
10678411
10678449
10678644
10678817
10678865
10678983
10679010
10679013
10679030
10679225
10679227
10679319
10679458
10679484
10679486
10679505
10679746
10680149
10680159
10680198
10680327
10680625
10681228
10681280
10681475
10681550
10681970
10681980
10682027
10682081
10682280
10682594
10682595
10682835
10683025
10683367
10683377
10683725
10683871
10684016
10684069
10684148
10684175
10684456
10684697
10684727
10684895
10684945
10685144
10685337
10685372
10685417
10685528
10685672
10685814
10686479
10686564
10686594
10686809
10686843
10686865
10687021
10687164
10708840
10709349
10709524
10709584
10709619
10710097
10710333
10710452
10710753
10711052
10711055
10711297
10711327
10711644
10711756
10711897
10712013
10712063
10712232
10712311
10712388
10712631
10712891
10712919
10713157
10713355
10713394
10714051
10714205
10714422
10714551
10716412
10716466
10716502
10716598
10716868
10717090
10717220
10717304
10717540
10717591
10717754
10717854
10717860
10718005
10718016
10718216
10718763
10718791
10718806
10718853
10718955
10718967
10718968
10721527
10721574
10721728
10721756
10721800
10721949
10721967
10722215
10722676
10722785
10722884
10722944
10722988
10723056
10723262
10723402
10723510
10723598
10723698
10723937
10723948
10724113
10724158
10724336
10724977
10725005
10726925
10727024
10727120
10727170
10727227
10727292
10727402
10727571
10727657
10727706
10727731
10727838
10727884
10727922
10728072
10728187
10729622
10729668
10729684
10729809
10729876
10729984
10730250
10730270
10730366
10730818
10730886
10731086
10731229
10731303
10731529
10731790
10731826
10731839
10732063
10732086
10732223
10732231
10732478
10732609
10732845
10732859
10732969
10733216
10733307
10733308
10733357
10733418
10733513
10733649
10733824
10733905
10733940
10734057
10734062
10734069
10734145
10734307
10734649
10734773
10734822
10734977
10735058
10735160
10735250
10735430
10735454
10735701
10735721
10735757
10735869
10735885
10735967
10736021
10736397
10736408
10736497
10736868
10736875
10736876
10736877
10737010
10737171
10737245
10737290
10737412
10737437
10741848
10742090
10742131
10742164
10742365
10742602
10742639
10742955
10742961
10743019
10743021
10743128
10743191
10743282
10743315
10743904
10743935
10743955
10744084
10744149
10744297
10744309
10744445
10744500
10744575
10744632
10744685
10744696
10744752
10744946
10745115
10745334
10745503
10745819
10746136
10746308
10746443
10747044
10747121
10747202
10747553
10747610
10747860
10748029
10748104
10748115
10748264
10748312
10748458
10748629
10748828
10749043
10749237
10749472
10749536
10749745
10750109
10750218
10750222
10750227
10750270
10750314
10750347
10750362
10750514
10750552
10750560
10750636
10751119
10751306
10751370
10752002
10752085
10752318
10752574
10752773
10753157
10753181
10753293
10753394
10753573
10753707
10753811
10753865
10754084
10775543
10775748
10776414
10776637
10776854
10776907
10776918
10777026
10777127
10777410
10777448
10777589
10777782
10778586
10778814
10779140
10779266
10779420
10779586
10779603
10779902
10780012
10780026
10780589
10782303
10782350
10782640
10782682
10782730
10783243
10783558
10783644
10783671
10783841
10783861
10783862
10784067
10784408
10784429
10784634
10784700
10784840
10784958
10784969
10785271
10785315
10785357
10785374
10788399
10788476
10788680
10788819
10788836
10788964
10789097
10789266
10789292
10789302
10789552
10789700
10789903
10789964
10790253
10790351
10790450
10790693
10790770
10790803
10790812
10790838
10792737
10793076
10793290
10793443
10793589
10793620
10793649
10793695
10793697
10793709
10793723
10793731
10793757
10793870
10793882
10794024
10794030
10794125
10794253
10794405
10794559
10794845
10794997
10795711
10795891
10796302
10796551
10796663
10796933
10796994
10797067
10797123
10797218
10797565
10797617
10797685
10797845
10797849
10797860
10797885
10797986
10798010
10798205
10798210
10798256
10798341
10798521
10798734
10798783
10798990
10799091
10799128
10799419
10799509
10799567
10799760
10799767
10799881
10799899
10799921
10800271
10800330
10800335
10800476
10800573
10800673
10800957
10801049
10801243
10801273
10801344
10801359
10801602
10801647
10801782
10801790
10801794
10801814
10802110
10802309
10802316
10802364
10802368
10802420
10802441
10802565
10802568
10802679
10802826
10803109
10803135
10803136
10803272
10803385
10803424
10803430
10803540
10803628
10808643
10809099
10809258
10809280
10809344
10809345
10809466
10809517
10809623
10809849
10810147
10810700
10810856
10811061
10811078
10811106
10811246
10811316
10811347
10811470
10811515
10811603
10811652
10812485
10812516
10812541
10812586
10812783
10812839
10812973
10813002
10813190
10813313
10813357
10813362
10813660
10813718
10813767
10813885
10814098
10814274
10814516
10814687
10814706
10814744
10815031
10815246
10815478
10815722
10815729
10815977
10815990
10816086
10816089
10816687
10817220
10817540
10817651
10817863
10817892
10818583
10818735
10818810
10818847
10841623
10841774
10841846
10842059
10842844
10842918
10842952
10843322
10843432
10843566
10843577
10843735
10843983
10844329
10844360
10844433
10844451
10844478
10844823
10844862
10844973
10845076
10845122
10845211
10845333
10845522
10845527
10845569
10847118
10847270
10847732
10847736
10847821
10847937
10848064
10848159
10848443
10848507
10848553
10848727
10849316
10849336
10849359
10849430
10849464
10849482
10849494
10849498
10849524
10849554
10849732
10850061
10850139
10850420
10850518
10850756
10850835
10853788
10853806
10853830
10853859
10854199
10854397
10854499
10854598
10854680
10854941
10854953
10854959
10854980
10855042
10855082
10855422
10857220
10857583
10857706
10857932
10858030
10858071
10858221
10858258
10858438
10858600
10858701
10858868
10858914
10858973
10859120
10859551
10859606
10859614
10859854
10859905
10860133
10860740
10861064
10861090
10861194
10861301
10861325
10861961
10862017
10862061
10862283
10862293
10862350
10862362
10862531
10862542
10862550
10862613
10862669
10862902
10863146
10863158
10863494
10863638
10863931
10864099
10864215
10864267
10864340
10864355
10864577
10864581
10864696
10864718
10864939
10865206
10865307
10865459
10865652
10865801
10865898
10866057
10866193
10866710
10866819
10866943
10866969
10872817
10872864
10873079
10873536
10873626
10873689
10873697
10874032
10874056
10874218
10874258
10874277
10874281
10874295
10874613
10874820
10874875
10874973
10875065
10875152
10875733
10875935
10875980
10875996
10876218
10876390
10876391
10876483
10876718
10876737
10876913
10876934
10876938
10877084
10877230
10877239
10877367
10877598
10877632
10877669
10877742
10877819
10878099
10878191
10878230
10878271
10879154
10879174
10879189
10879247
10879314
10879436
10879451
10879492
10879637
10879667
10879850
10879899
10879901
10879981
10880041
10880090
10880111
10880154
10880291
10880514
10880522
10880655
10880782
10881053
10881151
10881388
10902995
10903079
10903090
10903099
10903807
10903948
10904082
10904269
10904293
10904339
10904343
10904363
10904398
10904491
10904581
10904619
10904621
10904661
10905040
10905098
10905105
10905173
10905272
10905591
10905800
10905873
10905926
10907126
10907135
10907381
10907400
10907415
10907438
10907474
10907568
10907775
10907954
10908173
10908190
10908262
10908345
10908772
10908779
10909098
10909100
10909105
10909109
10909144
10909367
10909674
10909724
10909875
10909987
10910208
10910221
10910367
10910381
10910440
10910790
10910862
10910898
10911093
10913610
10913658
10913705
10913758
10913762
10913911
10913916
10913968
10914006
10914244
10914268
10914307
10914339
10916554
10916688
10916765
10916827
10916996
10917136
10917186
10917348
10917374
10917536
10917584
10917770
10917845
10917907
10917964
10917985
10918016
10918025
10918030
10918041
10918380
10918580
10918584
10918687
10918699
10918763
10918794
10919037
10919040
10919112
10919230
10919310
10919411
10919524
10920086
10920218
10920281
10920297
10920360
10920626
10920742
10920804
10920814
10920889
10921073
10921192
10921242
10921306
10921460
10921468
10921573
10921625
10921733
10921825
10921889
10921964
10922036
10922101
10922107
10922247
10922428
10922482
10922538
10922569
10922599
10922610
10922615
10922692
10922695
10922787
10922823
10922836
10922837
10922897
10922914
10923234
10923282
10923328
10923495
10923791
10923883
10923902
10923977
10924064
10924400
10924462
10924586
10924611
10924744
10924808
10924857
10925070
10925133
10927259
10927581
10927708
10927813
10931512
10931757
10931822
10931895
10932293
10932301
10932403
10932440
10933170
10933224
10933281
10933367
10933582
10933819
10933861
10933863
10934184
10934241
10934285
10934366
10934587
10934791
10934816
10934828
10934927
10935326
10935491
10935517
10935822
10935928
10935984
10935986
10936008
10936067
10936183
10936210
10936256
10936272
10936285
10936313
10936439
10936621
10936669
10936708
10937060
10937076
10937131
10937381
10937427
10937840
10937947
10938035
10938122
10938166
10958587
10958657
10958746
10959297
10959362
10959367
10959377
10959566
10960047
10960118
10960236
10960296
10960488
10960624
10960722
10960783
10960823
10960838
10960942
10961247
10961265
10962806
10962862
10963092
10963429
10963526
10963771
10963806
10964047
10964141
10964309
10964344
10964411
10964653
10964752
10965153
10965231
10965333
10965470
10965610
10965642
10965841
10966029
10966048
10966172
10966252
10966293
10966308
10966373
10966394
10966556
10966670
10966675
10966772
10966835
10966881
10966982
10966999
10967132
10967133
10969469
10969515
10969582
10969822
10969848
10969914
10971709
10971848
10971985
10972252
10972338
10972370
10972393
10972459
10972623
10972628
10972678
10972788
10973107
10973157
10973346
10973391
10973447
10973465
10973732
10973841
10974176
10974198
10974229
10974344
10974654
10974779
10974996
10975084
10975238
10975246
10975346
10975367
10975448
10975568
10975635
10976096
10976351
10976637
10976641
10976790
10976796
10976930
10976951
10976953
10977124
10977133
10977193
10977229
10977458
10977459
10977498
10977548
10977578
10977750
10977830
10977947
10978264
10978278
10978283
10978403
10978529
10978570
10978612
10978686
10978694
10978939
10978976
10978999
10979139
10979183
10979213
10979218
10979384
10979438
10979498
10979521
10979644
10979653
10979688
10979878
10979969
10980103
10980125
10980257
10982657
10982698
10982750
10982814
10982875
10982884
10982958
10982977
10983022
10983326
10983462
10983528
10983563
10983635
10983796
10987247
10987364
10987976
10988344
10988363
10988485
10988545
10988583
10988660
10988668
10988673
10989051
10989060
10989245
10989281
10989482
10989496
10989660
10989673
10989683
10989780
10990024
10990418
10990679
10990723
10990772
10990965
10991232
10991449
10991457
10991555
10991623
10991642
10991774
10991872
10991913
10991923
10992047
10992406
10992714
10992809
10992834
10992844
10993000
11012897
11013000
11013072
11013096
11013864
11014223
11014282
11014575
11014713
11014972
11014998
11015032
11015169
11015175
11015241
11016918
11017312
11017334
11017355
11017393
11017401
11017443
11017466
11017553
11017611
11017907
11017962
11017985
11018155
11018164
11018169
11018376
11018441
11018537
11018548
11018874
11019005
11019007
11019293
11019295
11019353
11019378
11019557
11019570
11019579
11019739
11020007
11020028
11020073
11020187
11020468
11020579
11020631
11020693
11020702
11020725
11020980
11021139
11021197
11021313
11021439
11021464
11021558
11021584
11025629
11025729
11025770
11025894
11025991
11026183
11026269
11026373
11026407
11026409
11026430
11026612
11026645
11026764
11026847
11026877
11026914
11026925
11026927
11027000
11027001
11027188
11027238
11027361
11027590
11027611
11027724
11027822
11027832
11027839
11027877
11028002
11028050
11028072
11028080
11028094
11028123
11028184
11028207
11028245
11028278
11028319
11028853
11028868
11028885
11028964
11029066
11029161
11029233
11029378
11029516
11029523
11029578
11029626
11029751
11029754
11029810
11029842
11030170
11030535
11031319
11031325
11031515
11031594
11031702
11031746
11031912
11032019
11032289
11032452
11032457
11032573
11032639
11032988
11033086
11033193
11033205
11033253
11033259
11033283
11033434
11033504
11033667
11033687
11033729
11033923
11034198
11036239
11036322
11036362
11036460
11036614
11036694
11036749
11036930
11036956
11036966
11037223
11037320
11037498
11037499
11037618
11037686
11037707
11037787
11037935
11038110
11038223
11038284
11038441
11038446
11042693
11042875
11043009
11043070
11043244
11043281
11043446
11043484
11043742
11043943
11043953
11043999
11044055
11044124
11044179
11044351
11044385
11044476
11045073
11045074
11045102
11045181
11045421
11045447
11045800
11045842
11045856
11046007
11046072
11046341
11046698
11046820
11046870
11046932
11046989
11047112
11067759
11067767
11067941
11067986
11068131
11068316
11068507
11068661
11068709
11068715
11068856
11068859
11068887
11068944
11069034
11069324
11069343
11069344
11069435
11069573
11069617
11069655
11069694
11069751
11070966
11071041
11071218
11072382
11072460
11072472
11072639
11072823
11072919
11073120
11073194
11073329
11073357
11073562
11073632
11073900
11073910
11074125
11074131
11074145
11074251
11074275
11074319
11074452
11074521
11074544
11074619
11074641
11074801
11074886
11075006
11075222
11075287
11075383
11075410
11075480
11075611
11075709
11076292
11076593
11079800
11080039
11080327
11080416
11080481
11080489
11080503
11080522
11080524
11080555
11080557
11080702
11080711
11080883
11081012
11081233
11081359
11081377
11081507
11081512
11081597
11081599
11081607
11081756
11081855
11081971
11082175
11082527
11082570
11082584
11082612
11082722
11082733
11082949
11083008
11083025
11083148
11083308
11083446
11083496
11083500
11083532
11083630
11083738
11083822
11083876
11083929
11083960
11083989
11084134
11084198
11084203
11084337
11084362
11084474
11084516
11084650
11084847
11084861
11084877
11084931
11085503
11085709
11085771
11085850
11086012
11086046
11086108
11086137
11086189
11086203
11086321
11086548
11086551
11086743
11086755
11086766
11086769
11086906
11087071
11087095
11087174
11087253
11087452
11087527
11087626
11087683
11087772
11087862
11087900
11087914
11087924
11087984
11088118
11088120
11088236
11090243
11090286
11090455
11090481
11090649
11090654
11091163
11091336
11091337
11091398
11091597
11091626
11091650
11091684
11091762
11092105
11092224
11092496
11092720
11092783
11092794
11093009
11093623
11093638
11097224
11097788
11097925
11098113
11098205
11098350
11098591
11098640
11098709
11099060
11099299
11099314
11099430
11099489
11099510
11099564
11099570
11099728
11099765
11099809
11100054
11100630
11100689
11121412
11121557
11121569
11121713
11121789
11121839
11121880
11121985
11122057
11122123
11122751
11122847
11124072
11124116
11124167
11124504
11124523
11124540
11124741
11124770
11124905
11125454
11125581
11125750
11125756
11125856
11126038
11126298
11126683
11126693
11126936
11127052
11127082
11127102
11127229
11127499
11127820
11127920
11128041
11128070
11128172
11128257
11128262
11128380
11128414
11128418
11128556
11128633
11128795
11128853
11129018
11129075
11129145
11129171
11129407
11129456
11129468
11129702
11129752
11132974
11132999
11133010
11133193
11133256
11133422
11133608
11133744
11133776
11133840
11133844
11133857
11133859
11133900
11134089
11134171
11134176
11134395
11134412
11134418
11134447
11134629
11134641
11134691
11134994
11135022
11135108
11135115
11135275
11135430
11135449
11135495
11135585
11135657
11135734
11135880
11135903
11136077
11136098
11136148
11136173
11136335
11136417
11136525
11136776
11136848
11136970
11137061
11137193
11137198
11137289
11137355
11137395
11137471
11137544
11137684
11137723
11137738
11137770
11137856
11137879
11137924
11137989
11137995
11138282
11138343
11138440
11138482
11138501
11138572
11138598
11138613
11138903
11139567
11139634
11139679
11139692
11139945
11140022
11140076
11140132
11140155
11140181
11140401
11140592
11140610
11140629
11140660
11140674
11140692
11140792
11141026
11141029
11141091
11141099
11141115
11141196
11141391
11143577
11143616
11143971
11144047
11144415
11144428
11144453
11144465
11144500
11144593
11144871
11145063
11145187
11145242
11145253
11145294
11145316
11145391
11145398
11145468
11145556
11145637
11145658
11145763
11145819
11146452
11146593
11146713
11146901
11147136
11147152
11147271
11147524
11147603
11147732
11147887
11147969
11151624
11151743
11151759
11151935
11152057
11152189
11152255
11152417
11152491
11152495
11152511
11152611
11152637
11152786
11152856
11152934
11152950
11152969
11153012
11153064
11153346
11153370
11153402
11153517
11153522
11153865
11154093
11154102
11175133
11175186
11175403
11175749
11175767
11175768
11176209
11177383
11177459
11177538
11177581
11177716
11177741
11177871
11178080
11178647
11178750
11178871
11178886
11179457
11179468
11179542
11179559
11179629
11179743
11179750
11179952
11180253
11180254
11180509
11180776
11180835
11181004
11181072
11181079
11181126
11181194
11181266
11181281
11181612
11181672
11181817
11181992
11182009
11182078
11182210
11182576
11182890
11182897
11183071
11183120
11183428
11183555
11183752
11183754
11183868
11186450
11186600
11186615
11186618
11186706
11186732
11186764
11186775
11186813
11186837
11187057
11187207
11187716
11188196
11188489
11188530
11188735
11188895
11188956
11189117
11189267
11189348
11189531
11189581
11189820
11189849
11190125
11190294
11190377
11190412
11190538
11190616
11190713
11190936
11190969
11190974
11190988
11191143
11191257
11191361
11191645
11191732
11191776
11191800
11191829
11191885
11191925
11192020
11192119
11192282
11192716
11192974
11193024
11193107
11193140
11193279
11193284
11193444
11193511
11193619
11193678
11193681
11193890
11193894
11194046
11194057
11194075
11196129
11196146
11196259
11196403
11196421
11196433
11196778
11196796
11196914
11197060
11197321
11197395
11197664
11197665
11197834
11197882
11197922
11198234
