6114118
6114233
6114333
6114541
6114745
6115042
6115083
6115165
6115379
6115494
6115603
6116129
6116234
6116270
6116277
6116346
6116442
6117516
6117654
6117713
6117778
6117832
6118145
6118166
6118377
6118601
6118616
6118678
6119107
6119211
6119510
6119597
6119605
6119648
6119940
6119964
6119994
6119999
6122428
6122646
6122678
6122713
6122954
6123109
6123144
6123205
6123381
6123570
6123735
6123953
6123967
6124087
6124219
6124318
6124335
6124382
6124396
6124420
6124447
6124560
6124836
6124963
6125019
6125107
6125118
6125596
6125631
6125999
6126013
6126115
6126188
6126257
6126265
6126608
6126754
6126911
6127293
6127506
6127512
6127764
6127813
6127988
6127993
6128037
6128079
6128082
6128200
6128245
6128287
6128385
6128721
6128744
6128801
6128867
6128983
6129022
6129077
6129451
6129528
6129619
6129696
6129709
6129785
6129801
6130070
6130259
6130409
6130589
6130876
6130977
6130986
6131060
6131077
6131093
6131232
6131295
6131436
6131552
6131668
6132134
6137794
6137914
6138030
6138043
6138081
6138299
6138443
6138476
6138551
6138714
6138920
6139383
6139483
6139835
6139865
6139884
6139905
6139946
6140300
6140659
6140892
6140944
6141033
6141071
6141125
6141300
6142199
6142317
6143030
6143050
6143052
6143078
6143158
6143331
6143648
6143882
6143929
6143946
6144016
6144188
6144190
6144404
6144587
6145012
6145023
6145098
6145134
6145160
6145290
6145471
6145475
6145754
6145790
6145980
6146008
6146239
6146418
6146732
6146782
6146804
6146983
6147108
6147224
6147359
6147636
6147712
6147892
6148238
6148249
6148318
6148370
6148636
6148675
6148782
6148874
6148974
6149138
6149180
6149358
6149501
6149578
6149774
6149885
6150002
6150086
6150118
6150291
6150355
6150591
6150943
6150977
6151053
6151139
6151368
6151532
6153281
6153404
6153673
6154200
6181175
6181526
6181800
6182085
6182093
6182131
6182308
6182423
6182442
6182512
6182700
6183098
6183182
6183203
6183672
6183676
6183716
6183859
6183934
6183971
6184044
6184059
6184133
6184293
6184839
6184858
6184874
6184944
6185004
6185204
6185346
6185349
6185457
6185481
6185898
6185921
6185976
6186082
6186085
6186107
6186119
6186504
6187292
6187531
6187864
6187888
6187942
6187980
6188162
6188789
6190535
6190599
6190835
6190868
6190898
6191036
6191218
6191289
6191323
6191340
6191441
6191539
6191834
6191854
6192000
6192008
6192309
6192336
6192338
6192406
6192578
6192736
6195777
6195792
6195999
6196202
6196543
6196908
6196918
6197136
6197539
6197810
6197937
6197974
6198118
6198383
6198395
6198533
6198720
6198776
6198885
6198918
6199163
6199170
6199294
6199790
6200401
6200639
6200734
6200981
6201018
6201035
6201045
6201064
6201205
6203421
6203481
6203696
6203753
6203755
6204034
6204529
6204684
6204699
6204758
6204846
6204976
6205045
6205141
6205358
6205481
6205699
6205852
6205945
6206128
6206195
6206665
6206842
6206983
6207053
6207301
6207412
6207498
6207535
6207852
6208068
6208244
6208397
6208483
6208655
6208742
6208799
6208934
6208964
6208990
6209153
6209179
6209318
6209816
6209832
6209929
6209934
6209937
6209989
6210012
6210072
6210969
6211103
6211188
6211203
6211370
6211382
6211547
6211757
6211942
6211958
6212294
6212336
6212430
6212599
6212640
6213012
6213051
6213073
6213173
6213181
6213401
6213405
6213430
6213607
6213627
6213672
6213678
6213806
6213947
6213989
6214001
6214028
6214048
6214072
6214108
6214118
6219880
6219926
6220038
6220078
6220160
6220300
6220309
6220616
6220647
6221001
6221004
6221223
6221260
6221274
6221371
6221526
6221619
6221648
6221992
6222079
6222157
6222304
6222407
6222739
6222793
6222929
6223082
6223256
6223262
6223408
6223452
6223521
6223697
6223827
6224062
6224137
6224148
6224159
6224166
6224216
6224540
6224562
6225118
6225396
6225454
6225460
6225475
6225599
6225654
6225898
6226251
6226257
6226533
6226556
6227168
6227213
6227218
6227442
6227651
6228107
6228270
6228275
6228505
6228783
6228986
6229304
6229374
6229764
6230001
6230031
6230167
6230245
6230532
6230580
6230760
6230812
6231124
6231129
6231301
6231352
6231572
6231656
6231756
6231909
6232286
6232382
6232600
6232989
6233090
6233553
6233563
6233648
6233748
6233860
6233948
6234585
6262419
6262628
6262679
6262995
6263166
6263220
6263470
6263565
6263661
6263684
6263801
6263848
6263957
6263983
6264450
6264551
6264626
6264638
6264919
6265031
6265041
6265065
6265113
6265159
6265480
6266232
6266306
6266324
6266411
6266444
6266475
6266495
6266567
6266788
6266846
6267041
6267065
6267144
6267288
6267461
6267613
6267739
6267809
6267900
6268068
6268206
6268254
6268357
6268520
6268681
6268785
6268789
6268846
6268870
6268920
6269045
6270949
6270968
6271033
6271063
6271094
6271439
6271442
6271467
6271530
6271613
6271712
6272039
6272204
6272252
6272547
6272567
6272732
6273524
6276637
6276707
6276708
6276938
6277018
6277105
6277110
6277167
6277205
6277256
6277508
6277509
6277594
6277656
6277891
6277903
6278032
6278105
6278127
6278183
6278192
6278465
6278482
6278518
6278728
6278734
6278829
6278992
6279009
6279010
6279085
6279118
6279144
6279213
6279286
6279323
6279363
6279477
6279524
6279639
6279692
6279740
6279789
6279823
6279838
6280300
6280416
6280485
6280503
6280633
6280977
6280995
6281015
6281030
6283291
6283344
6283374
6283455
6283481
6283694
6283698
6283862
6284029
6284156
6284221
6284274
6284565
6284645
6284778
6285677
6285722
6285848
6285906
6285969
6285985
6286007
6286090
6286176
6286278
6286296
6286382
6286469
6286592
6286674
6286686
6286724
6286866
6286880
6286956
6286982
6287060
6287180
6287242
6287600
6287745
6287877
6287968
6288330
6288404
6288713
6288823
6288889
6288896
6288970
6289256
6289270
6289371
6289393
6289405
6289471
6289479
6289669
6289739
6289748
6289956
6289985
6290078
6290452
6290740
6290770
6290789
6290800
6290811
6290888
6290894
6290974
6291154
6291452
6291715
6291729
6291946
6292015
6292260
6292264
6292310
6292336
6292447
6292574
6292596
6292673
6292716
6292732
6292882
6292949
6292970
6293204
6293236
6293275
6293695
6293770
6293933
6294042
6294443
6294447
6294461
6294540
6294638
6294922
6295173
6295222
6295264
6295476
6301046
6301204
6301428
6301466
6301976
6302008
6302033
6302241
6302282
6302347
6302523
6303052
6303110
6303119
6303142
6303170
6303460
6303519
6303574
6303643
6303679
6303842
6303854
6303937
6303971
6304528
6304644
6304869
6305165
6305301
6305531
6305570
6305589
6305665
6305938
6306015
6306123
6306269
6306440
6306482
6306718
6306744
6306827
6306891
6306941
6307013
6307167
6307198
6307289
6307325
6307686
6307746
6308164
6308708
6308786
6309042
6309157
6309164
6309193
6309517
6309641
6309693
6309744
6310017
6310092
6310107
6310112
6310128
6310258
6310265
6310279
6310413
6310457
6310665
6310734
6310790
6310795
6310866
6311285
6311382
6311620
6311778
6311927
6312317
6312568
6312738
6312950
6312959
6313013
6313028
6313490
6313828
6314180
6314495
6314631
6341792
6342027
6342154
6342263
6342272
6342486
6342504
6342758
6342767
6342770
6343322
6343492
6343817
6344375
6344379
6344405
6344453
6344749
6345048
6345159
6345165
6345537
6345550
6345773
6345787
6345851
6345853
6345888
6345900
6345910
6346105
6346119
6346186
6346208
6346275
6346298
6346550
6346553
6346777
6346865
6346886
6346894
6347007
6347103
6347257
6347289
6347423
6347434
6347470
6347477
6347656
6347662
6347838
6347864
6349910
6349923
6349999
6350075
6350507
6350522
6350526
6350563
6350620
6350694
6350976
6351084
6351368
6351388
6351473
6351493
6351499
6351629
6351794
6351838
6351958
6352261
6352355
6352540
6352768
6352776
6352839
6352940
6352951
6353059
6353125
6353198
6356144
6356277
6356331
6356337
6356400
6356556
6356679
6356984
6357083
6357902
6357909
6357913
6358070
6358125
6358149
6358198
6358416
6358475
6358667
6358701
6358735
6358759
6358817
6358894
6358972
6359017
6359292
6359539
6359576
6359598
6359768
6359846
6359867
6359981
6362164
6362177
6362190
6362324
6362332
6362395
6362412
6362501
6362596
6362601
6362609
6362879
6362947
6362964
6362977
6362984
6362985
6363125
6363233
6363365
6363502
6363522
6363542
6363565
6363583
6363603
6363613
6363649
6363768
6363803
6363900
6363987
6364161
6364164
6364195
6364326
6365076
6365080
6365421
6365804
6365805
6365943
6366035
6366224
6366330
6366374
6366377
6366391
6366501
6366603
6366975
6367079
6367481
6367694
6367829
6367903
6368045
6368086
6368104
6368235
6368273
6368387
6368512
6368534
6368556
6368620
6368662
6368779
6368988
6369071
6369237
6369358
6369398
6369404
6369443
6369560
6369666
6369919
6369928
6370015
6370174
6370181
6370196
6370596
6370632
6370674
6371036
6371100
6371179
6371578
6371675
6371810
6371993
6372002
6372346
6372415
6372606
6372674
6372718
6372955
6372977
6373383
6373918
6374063
6380533
6381035
6381352
6381393
6381663
6381763
6381934
6382129
6382280
6382329
6382428
6382637
6382962
6383133
6383347
6383413
6383654
6384035
6384132
6384202
6384349
6384358
6384425
6384496
6385060
6385158
6385254
6385370
6385476
6385586
6385711
6385779
6385897
6385943
6385956
6385972
6386391
6386444
6386480
6386541
6386598
6386695
6386764
6386983
6387058
6387311
6387330
6387418
6387419
6387474
6387662
6387679
6387774
6387785
6387786
6387819
6387843
6388011
6388208
6388229
6388255
6388602
6388827
6388864
6389154
6389262
6389396
6389662
6389733
6389755
6390122
6390236
6390424
6390783
6390901
6390914
6391248
6391574
6391602
6391896
6392750
6392760
6392858
6392963
6418856
6418986
6419082
6420895
6421025
6421063
6421219
6421450
6421480
6421581
6421689
6421732
6421769
6422087
6422170
6422192
6422470
6423062
6423086
6423094
6423203
6423563
6423596
6423605
6423857
6424306
6424516
6424526
6424551
6424778
6424796
6425024
6425088
6425358
6425553
6425580
6425783
6425891
6425941
6425989
6425994
6426404
6426453
6426507
6428426
6428674
6428698
6428971
6429168
6429185
6429436
6429680
6429762
6430019
6430237
6430899
6431171
6431261
6431380
6431431
6431497
6431515
6431624
6431753
6431800
6431832
6431878
6432226
6432245
6432431
6432467
6432563
6435613
6435654
6435767
6435906
6435979
6436105
6436162
6436327
6436420
6436652
6436910
6436995
6437385
6437478
6437745
6437802
6437919
6437945
6437993
6438216
6438333
6438389
6438439
6440833
6440881
6440915
6440936
6441201
6441208
6441398
6441401
6441481
6441500
6441569
6441588
6441604
6441871
6442045
6442058
6442094
6442144
6442279
6442367
6442378
6442389
6442602
6442621
6442683
6442780
6443090
6443274
6443705
6444754
6444773
6444796
6444851
6444981
6444990
6445027
6445061
6445237
6445252
6445537
6445538
6445584
6445968
6446029
6446039
6446128
6446172
6446399
6446499
6446750
6446880
6447280
6447326
6447371
6447455
6447465
6447481
6447747
6447818
6448067
6448093
6448101
6448185
6448262
6448302
6448304
6448418
6448449
6448530
6448651
6448737
6448751
6448796
6448798
6449039
6449065
6449077
6449098
6449102
6449247
6449291
6449479
6449760
6449879
6449895
6450004
6450156
6450518
6450625
6450644
6450910
6450960
6451558
6451671
6451979
6452015
6452389
6452562
6460583
6460611
6460857
6461004
6461082
6461113
6461231
6461262
6461305
6461601
6462102
6462207
6462298
6462423
6462827
6463206
6463498
6463513
6463555
6463847
6463864
6464194
6464393
6464396
6464555
6464785
6464937
6465033
6465248
6465289
6465391
6465597
6466022
6466312
6466436
6466441
6466852
6467116
6467221
6467234
6467339
6467463
6467479
6467490
6467722
6467826
6467856
6467880
6468033
6468101
6468409
6468687
6468721
6468867
6468930
6469002
6469052
6469126
6469563
6469920
6470390
6470422
6470514
6470598
6470646
6470828
6470892
6470998
6471174
6471229
6471230
6496997
6497141
6497250
6497329
6497820
6499691
6499772
6500065
6500289
6500531
6500633
6500714
6501332
6501709
6501743
6502016
6502018
6502257
6502294
6502466
6502475
6502944
6503078
6503104
6503138
6503166
6503367
6503431
6503533
6503539
6503763
6503862
6503941
6503950
6504214
6504489
6504503
6504558
6504581
6504584
6504604
6504736
6504806
6504823
6505046
6505086
6505156
6507095
6507160
6507207
6507218
6507302
6507334
6507505
6507888
6507982
6508169
6508291
6508436
6508530
6508532
6508629
6508734
6508787
6508924
6509237
6509275
6509288
6509354
6509364
6510289
6510314
6510851
6510909
6511203
6511362
6511405
6511785
6511799
6511808
6511858
6515221
6515318
6515323
6515466
6515488
6515498
6515630
6515731
6515768
6516101
6516192
6516390
6516535
6516588
6516601
6516751
6516795
6516820
6516854
6516879
6517123
6519732
6519865
6519878
6519961
6520433
6520530
6520533
6520669
6520754
6520910
6520967
6521016
6521074
6521123
6521238
6521246
6521467
6521518
6521526
6521665
6521704
6521729
6521734
6521819
6521894
6521917
6522011
6522073
6522124
6522353
6522487
6522544
6522546
6522674
6523074
6523086
6523093
6523229
6523265
6523389
6523698
6523711
6523905
6523982
6524037
6524078
6524317
6524921
6525023
6525025
6525026
6525281
6525282
6525326
6525398
6525409
6525936
6525998
6526113
6526264
6526330
6526545
6526672
6526680
6526689
6526696
6526765
6526802
6526878
6526881
6526893
6526930
6526967
6526987
6527012
6527025
6527050
6527082
6527090
6527093
6527157
6527514
6527594
6527651
6527653
6527663
6527822
6528060
6528103
6528260
6528475
6528494
6528503
6528535
6528650
6528811
6529063
6529189
6529357
6529439
6529445
6529483
6529494
6529534
6529558
6529713
6529822
6529860
6529892
6529902
6529968
6530024
6530155
6530236
6530561
6530612
6530656
6530748
6530792
6530846
6530932
6531002
6531322
6531339
6531816
6531912
6531948
6531953
6531962
6531981
6532006
6534993
6534994
6535050
6535166
6535211
6535319
6535475
6541118
6541522
6541683
6542087
6542224
6542243
6542256
6542321
6542322
6542487
6542640
6542790
6542804
6542983
6543441
6543496
6543547
6543821
6543891
6544069
6544107
6544160
6544371
6544482
6544636
6544841
6544977
6545005
6545267
6545415
6545529
6545986
6546361
6546398
6546614
6546675
6546726
6546881
6547089
6547439
6547575
6547639
6547641
6547646
6548343
6548359
6548429
6548637
6548655
6548898
6548934
6548941
6549202
6549430
6549486
6549573
6549597
6549623
6549746
6550017
6550074
6550276
6550346
6550387
6550516
6550751
6550818
6550956
6550975
6551010
6551102
6551250
6551349
6579373
6579424
6579570
6579878
6579884
6579934
6580167
6580503
6580696
6582912
6583177
6584132
6584163
6584171
6584196
6584491
6584500
6585029
6585067
6585068
6585104
6585228
6585236
6585265
6585608
6585895
6586004
6586078
6586231
6586313
6586451
6586544
6586694
6587075
6587091
6587130
6587236
6587630
6587755
6589996
6590048
6590052
6590155
6590166
6590179
6590263
6590360
6590466
6590726
6590737
6590829
6591017
6591189
6591436
6591498
6591649
6591653
6591775
6591850
6591859
6592305
6592652
6592742
6592772
6592892
6592998
6593233
6593538
6593559
6593655
6593667
6593797
6593845
6593968
6594104
6594158
6594199
6594262
6595043
6595167
6595202
6595429
6595436
6599374
6599588
6599612
6599775
6599881
6599917
6599993
6600109
6600145
6600155
6600158
6600301
6600368
6600477
6600479
6600686
6600771
6603157
6604107
6604168
6604312
6604578
6604752
6604836
6604994
6605022
6605121
6605178
6605264
6605570
6605595
6605813
6605846
6605945
6605949
6606008
6606063
6606110
6606167
6606183
6606186
6606194
6606228
6606370
6606473
6606481
6606510
6606574
6606780
6606867
6607150
6607273
6607398
6607403
6607551
6607602
6607612
6607637
6607660
6607684
6607696
6608081
6608371
6608590
6608856
6609541
6609683
6609879
6609906
6610023
6610203
6610336
6610438
6610456
6610530
6610548
6610693
6610811
6610837
6610882
6610891
6611022
6611128
6611254
6611344
6611419
6611426
6611476
6611515
6611558
6611563
6611615
6611650
6611767
6611775
6611779
6611875
6611897
6611940
6612016
6612099
6612256
6612521
6612522
6612589
6612620
6612659
6612690
6612766
6612959
6613030
6613091
6613190
6613210
6613313
6613488
6613542
6613545
6613747
6613754
6613778
6613812
6613829
6613871
6613928
6613965
6614134
6614188
6614383
6614386
6614391
6614842
6615040
6615161
6615201
6615212
6615432
6615545
6615567
6615684
6615697
6615725
6615769
6615772
6616088
6616190
6616211
6616346
6619133
6619224
6619240
6619377
6619469
6619552
6619830
6619854
6619885
6619929
6619975
6620033
6620046
6620065
6620073
6620193
6620223
6620250
6620305
6620405
6620473
6620510
6620529
6620627
6620691
6621280
6626854
6627063
6627367
6627541
6627759
6627944
6627990
6628078
6628089
6628101
6628136
6628254
6628328
6628338
6628476
6628656
6629271
6629456
6629800
6629962
6630006
6630032
6630131
6630499
6630600
6630686
6630715
6630958
6630991
6631015
6631106
6631158
6631337
6631423
6631948
6632325
6632340
6632435
6632768
6632793
6632948
6633398
6633420
6633493
6633496
6633724
6633742
6634026
6634240
6634431
6634472
6634703
6635021
6635031
6635451
6635557
6635717
6635994
6636266
6664748
6664854
6665124
6665166
6665171
6665390
6665513
6665734
6665840
6668602
6668608
6668625
6668663
6669028
6669495
6669610
6669790
6669912
6670128
6670192
6670270
6670603
6670606
6670610
6670929
6671587
6671697
6671727
6671751
6672090
6672247
6672416
6672652
6672745
6672779
6672794
6672803
6672874
6672876
6672887
6672945
6674875
6674908
6675318
6675458
6675478
6675714
6675757
6675936
6675953
6675987
6676157
6676236
6676296
6676338
6676516
6676626
6676643
6676725
6676752
6677003
6677318
6677415
6677616
6678067
6678108
6678212
6678230
6678293
6678388
6678515
6678588
6678644
6678701
6679080
6679363
6679442
6679451
6680189
6680211
6680396
6680536
6680567
6680640
6680645
6681173
6681452
6681500
6681913
6681940
6682035
6685629
6688100
6688129
6688223
6688310
6688374
6688398
6688581
6688609
6688796
6688977
6688997
6689030
6689133
6689146
6689191
6689911
6689943
6689961
6690107
6690270
6690428
6690679
6690769
6690803
6690898
6690916
6690942
6691114
6691339
6691349
6691449
6691457
6691501
6691549
6691605
6691648
6691930
6691942
6692180
6692266
6692320
6692424
6692460
6692600
6692732
6692754
6692779
6692839
6692940
6692946
6692972
6692976
6693011
6693042
6693131
6693212
6693439
6693553
6693851
6694000
6694043
6694049
6694166
6694219
6694227
6694306
6694396
6694575
6694694
6694755
6695363
6695752
6695801
6695918
6696016
6696265
6696289
6696360
6696576
6696809
6696862
6697041
6697126
6697447
6697690
6697831
6697866
6698198
6698214
6698276
6698804
6699025
6699346
6699374
6699441
6699514
6699598
6699642
6699759
6700200
6700225
6700289
6700378
6700484
6700773
6700841
6700870
6700873
6700976
6701046
6701414
6701699
6701770
6701811
6704617
6704889
6705003
6705164
6705181
6705286
6705313
6705373
6705508
6705533
6705688
6705695
6705706
6705735
6705739
6705821
6706000
6706050
6706375
6706506
6706543
6706752
6706901
6706982
6707096
6707179
6707390
6707414
6707552
6707742
6708043
6708110
6708193
6708318
6714398
6714721
6715205
6715283
6715577
6715677
6715866
6715926
6715960
6716115
6716635
6716804
6716981
6717185
6717202
6717216
6717248
6717567
6717610
6717631
6717965
6718300
6719090
6719129
6719243
6719464
6719944
6720029
6720160
6720216
6720359
6720541
6720765
6720879
6721044
6721391
6721401
6721523
6721586
6721633
6751156
6751242
6751266
6751295
6751337
6751411
6751512
6751784
6751950
6752030
6752462
6752578
6752672
6752730
6752762
6752937
6753253
6755882
6756044
6756111
6757075
6757116
6757167
6757511
6757637
6757959
6758022
6758063
6758083
6758178
6758184
6758299
6758733
6758989
6759089
6761374
6761498
6761569
6761792
6762054
6762058
6762296
6762583
6762592
6762594
6762624
6762923
6763067
6763155
6763358
6763400
6763402
6763616
6763859
6763970
6763988
6764302
6764335
6764347
6764479
6764530
6764598
6764843
6764928
6764934
6764977
6765121
6765310
6765508
6766182
6766298
6766578
6766615
6766663
6766964
6767100
6767241
6767424
6767651
6767897
6767913
6767962
6768036
6768085
6768125
6768341
6773823
6774015
6774059
6774408
6774679
6774726
6774920
6774948
6775103
6775148
6775171
6775689
6775869
6776072
6776202
6776600
6776613
6776746
6776936
6777146
6777171
6777191
6777679
6777707
6777781
6777853
6777953
6777975
6778099
6778113
6778739
6778848
6779003
6779113
6779115
6779279
6779538
6779613
6779680
6779966
6780052
6780263
6780790
6780796
6780893
6780922
6781110
6781315
6781352
6781383
6782035
6782111
6782383
6782515
6782577
6782589
6782860
6782944
6782960
6782983
6783075
6783369
6783373
6783395
6783662
6783673
6783681
6784274
6784466
6784587
6784590
6784787
6784811
6784857
6784873
6784907
6785304
6785377
6785604
6785683
6785813
6785922
6785967
6786006
6786267
6786275
6786431
6786443
6790055
6790075
6790080
6790250
6790311
6790374
6790378
6790426
6790796
6790798
6790961
6791060
6791165
6791620
6791755
6792124
6792235
6792245
6792259
6792288
6792545
6792745
6792806
6793075
6793728
6793755
6793830
6793873
6793927
6794070
6794119
6794259
6794489
6794614
6794650
6794999
6801115
6801278
6801296
6801566
6801575
6801692
6801698
6801784
6801812
6802602
6802926
6803306
6803358
6803487
6803524
6803555
6803724
6803785
6803898
6803967
6804013
6804152
6804602
6804729
6804793
6805252
6805834
6805922
6806091
6806658
6806738
6836201
6836342
6836470
6836589
6836658
6836871
6836884
6836955
6837029
6837050
6837150
6837270
6837319
6837566
6837709
6837969
6838270
6838367
6838434
6838446
6838659
6838894
6838978
6839317
6841465
6841854
6841909
6842564
6842569
6842578
6842620
6842697
6842741
6843054
6843123
6843327
6843426
6843454
6843500
6843676
6843766
6843826
6844066
6844087
6844101
6844205
6844298
6844372
6846224
6846346
6846383
6846385
6846443
6846460
6846550
6846570
6846583
6847094
6848271
6848592
6848654
6849002
6849086
6849095
6849658
6849742
6849816
6849821
6849840
6849873
6850310
6850360
6850802
6851234
6851483
6851603
6851647
6851708
6851733
6851742
6851890
6851910
6851927
6851944
6852071
6852153
6852201
6852279
6852489
6852587
6852702
6853007
6853020
6853110
6853151
6853239
6853248
6853356
6853480
6853715
6853932
6853936
6854373
6854503
6854528
6859348
6859409
6859453
6859619
6859806
6859919
6860244
6860272
6860837
6860896
6861326
6861416
6861478
6862174
6862296
6862386
6862395
6862841
6862999
6863041
6863063
6863158
6863276
6863338
6863390
6863403
6863574
6863598
6863602
6863607
6863726
6863880
6863987
6864069
6864181
6864604
6864624
6864625
6864830
6864891
6865136
6865151
6865180
6865416
6865484
6865518
6865780
6865828
6865966
6866031
6866122
6866144
6866242
6866268
6866342
6866518
6866602
6866916
6867005
6867026
6867144
6867232
6867420
6867535
6867551
6867593
6867627
6867645
6867704
6867725
6868860
6868871
6869038
6869185
6869471
6869661
6869776
6869823
6870010
6870033
6870042
6870149
6870327
6870369
6870444
6870449
6870503
6870760
6870866
6870888
6870946
6870964
6871027
6871117
6871224
6871235
6871280
6871390
6871394
6871612
6871713
6871865
6871887
6871896
6875207
6875287
6875322
6875333
6875394
6875640
6875646
6875846
6875906
6875992
6876199
6876367
6876401
6876473
6876614
6876635
6876668
6876671
6876709
6876878
6876921
6877139
6877250
6877266
6877404
6877490
6877765
6877800
6877871
6878185
6878203
6878207
6878459
6878514
6878647
6878696
6878706
6878738
6878763
6878798
6878913
6879198
6879625
6879639
6879718
6879770
6879836
6879914
6880124
6880179
6880288
6880336
6880588
6880641
6880862
6880906
6880959
6881138
6881330
6887030
6887854
6888020
6888300
6888521
6888613
6888625
6888641
6888947
6888992
6889274
6889460
6889467
6889565
6889649
6889932
6890132
6890293
6890727
6890846
6891124
6891160
6891253
6921817
6921821
6922010
6922059
6922170
6922183
6922190
6922301
6922375
6922404
6922454
6922461
6922486
6922550
6922583
6922774
6922821
6922860
6923535
6923582
6923739
6923749
6923830
6923995
6924050
6924320
6924881
6924911
6925119
6925135
6927361
6927556
6927711
6927845
6927938
6928582
6928897
6929160
6929217
6929334
6929580
6929583
6929655
6929718
6929910
6932095
6932118
6932164
6932209
6932281
6932477
6932503
6932515
6932576
6932624
6932641
6933146
6933305
6933317
6933371
6933492
6933526
6933968
6933978
6934062
6934317
6934362
6934412
6934521
6934526
6934677
6934779
6935009
6935062
6935617
6935653
6935821
6936046
6936115
6936442
6936906
6936992
6937073
6937118
6937199
6937405
6937647
6937713
6937828
6937870
6938023
6938077
6938132
6938365
6938373
6938635
6938756
6939025
6939026
6939047
6939305
6939314
6939527
6939538
6939552
6939715
6939837
6939874
6939913
6940035
6940255
6940386
6940497
6940652
6940654
6940818
6945017
6945041
6945219
6945246
6945320
6945362
6945529
6945578
6945591
6945652
6945655
6945890
6946573
6946682
6946700
6946702
6946819
6946839
6946871
6946895
6947015
6947058
6947065
6947095
6947099
6947198
6947600
6947712
6947848
6948662
6948977
6949035
6949105
6949198
6949326
6949383
6949412
6949494
6949512
6949872
6950167
6950283
6950440
6950597
6950934
6950960
6951365
6951370
6951397
6951424
6951461
6951568
6951641
6951668
6951696
6951763
6951806
6951851
6952205
6952489
6952581
6952649
6952775
6952838
6952971
6952979
6953033
6953069
6953188
6953213
6953494
6953747
6953955
6954835
6954837
6954861
6954982
6955009
6955132
6955274
6955353
6955397
6955459
6955481
6955484
6955916
6956092
6956104
6956162
6956226
6956255
6956283
6956357
6956396
6956650
6956886
6957021
6960111
6960242
6960252
6960254
6960268
6960292
6960413
6960581
6960977
6961140
6961285
6961299
6961315
6961406
6961441
6961499
6961782
6962308
6962329
6962380
6962536
6962668
6962752
6962786
6962901
6963161
6963238
6963449
6963687
6963815
6963869
6963988
6964021
6964067
6964206
6964210
6964343
6964594
6964817
6964982
6965030
6965032
6965055
6965426
6965761
6965793
6966093
6966132
6966212
6966527
6966557
6966566
6966817
6966825
6967075
6967103
6973813
6974205
6974809
6974825
6974999
6975013
6975143
6975380
6975958
6976008
6976219
6976397
6976424
6976560
6976666
7007099
7007174
7007244
7007666
7007715
7008064
7008115
7008244
7008602
7008892
7009163
7009168
7009179
7009207
7009210
7009548
7009601
7009632
7010201
7010320
7010386
7013064
7013200
7013398
7013557
7013575
7013818
7013975
7014119
7014223
7014297
7014502
7014525
7014552
7014579
7015048
7015082
7016864
7017021
7017065
7017186
7017239
7017241
7017276
7017604
7017609
7017800
7017862
7018057
7018095
7018131
7018267
7018277
7018323
7018370
7018437
7018452
7018509
7018521
7018621
7018689
7018802
7019127
7019309
7019407
7019520
7019792
7019948
7019978
7019984
7020040
7020128
7020168
7020182
7020381
7020402
7020719
7020726
7020854
7020881
7021131
7021689
7021705
7021842
7022089
7022090
7022114
7022137
7022229
7022345
7022432
7022561
7022598
7022757
7022813
7022889
7022958
7023070
7023110
7023124
7023135
7023219
7023246
7023269
7023432
7023440
7023973
7024108
7024230
7024249
7024284
7024500
7024569
7024674
7024901
7025006
7025075
7025479
7025956
7026127
7026202
7026358
7026412
7030610
7031066
7031340
7031341
7031343
7031402
7031477
7031565
7031638
7031781
7031898
7032117
7032174
7032218
7032727
7032946
7033033
7033041
7033055
7033063
7033239
7033421
7033500
7033756
7033830
7033849
7033936
7033997
7034033
7034341
7034441
7034555
7034773
7034778
7034960
7035183
7035274
7035373
7035681
7035766
7035844
7035860
7035911
7035942
7036086
7036209
7036256
7036334
7036401
7036714
7036755
7036952
7037037
7037042
7037130
7037146
7037175
7037362
7037605
7037739
7037766
7037767
7037804
7037895
7038138
7038372
7038396
7038460
7038675
7039052
7039125
7039421
7039612
7039617
7039635
7039671
7040826
7040906
7041309
7041512
7041554
7041618
7041815
7041882
7041883
7041927
7041950
7042093
7044734
7044891
7044932
7044961
7044966
7045042
7045142
7045280
7045361
7045365
7045808
7046116
7046148
7046300
7046921
7046966
7047197
7047251
7047455
7047750
7047754
7047979
7048090
7048098
7048365
7048415
7048799
7048912
7049035
7049056
7049195
7049247
7049294
7049336
7049465
7049521
7049642
7049758
7049790
7049824
7049861
7049894
7050128
7050217
7050319
7050682
7050733
7050754
7050820
7051138
7051477
7051480
7051673
7051706
7052306
7052321
7053111
7053151
7053209
7053334
7053442
7053722
7060001
7060028
7060301
7060864
7090348
7090405
7090515
7090649
7090654
7090710
7091554
7091606
7091649
7091787
7091848
7092405
7092721
7093228
7093299
7093428
7093430
7093456
7093547
7093589
7093599
7093688
7093721
7093908
7094821
7094920
7095032
7095058
7095060
7097201
7097328
7097619
7097873
7098196
7098363
7100622
7100632
7100708
7100892
7100959
7101067
7101116
7101426
7101432
7101552
7101648
7101726
7101732
7101763
7101816
7101818
7101830
7101855
7101926
7101990
7102087
7102122
7102217
7102272
7102500
7102607
7102661
7102876
7103006
7103075
7103083
7103084
7103120
7103401
7103794
7104140
7104190
7104250
7104378
7104452
7104517
7104554
7104724
7104854
7104891
7105391
7105442
7105518
7105665
7105676
7105703
7105818
7105834
7105891
7105969
7106306
7106324
7106335
7106453
7106467
7106802
7106833
7106964
7107311
7107333
7107393
7107430
7107642
7107707
7107762
7108078
7108212
7108339
7108428
7108547
7108658
7108863
7108942
7109024
7109052
7109265
7109367
7109436
7109975
7110037
7110077
7110188
7110195
7110380
7110529
7110600
7115200
7115228
7115597
7115733
7116024
7116043
7116046
7116137
7116236
7116382
7116561
7116632
7116849
7116851
7116859
7117075
7117293
7117330
7117348
7117367
7117378
7117444
7117492
7117506
7117513
7117532
7117688
7117710
7117740
7117918
7118047
7118061
7118070
7118124
7118340
7118463
7118515
7118558
7118665
7118825
7118902
7119007
7119024
7119078
7119231
7119359
7119412
7119629
7119648
7119690
7119706
7119759
7119816
7119872
7119971
7120041
7120146
7120159
7120184
7120309
7120312
7120347
7120426
7120433
7121009
7121057
7121181
7121280
7121281
7121323
7121359
7121664
7121724
7121991
7122150
7122271
7122480
7122504
7122598
7122635
7122770
7122834
7122839
7122876
7122963
7123036
7123082
7123092
7123115
7123119
7123139
7123354
7123708
7123746
7123751
7123950
7124012
7124119
7124489
7124586
7124624
7125585
7125794
7125853
7125963
7128666
7128882
7129058
7129171
7129354
7129524
7129531
7129537
7129634
7129635
7129680
7129686
7129959
7129992
7129999
7130318
7130322
7130464
7130516
7130851
7130965
7130968
7131029
7131244
7131337
7131344
7131348
7131359
7131515
7131594
7131673
7131728
7131985
7132397
7132423
7132468
7132549
7132599
7133235
7133301
7133395
7133445
7133567
7133789
7133807
7133940
7133987
7134053
7134079
7134429
7134502
7134626
7134737
7135025
7135050
7135294
7135339
7135954
7136752
7137013
7137132
7137148
7137234
7137278
7138162
7138189
7138225
7138277
7138432
7138551
7138795
7138800
7138841
7138844
7173075
7173174
7173327
7173615
7173695
7173783
7173792
7173883
7174058
7174227
7174267
7174385
7174505
7174509
7174579
7174694
7174824
7174941
7175140
7175163
7175168
7175234
7175289
7175321
7175349
7175391
7175484
7175788
7176080
7176268
7176424
7177167
7177249
7177464
7177517
7177589
7178178
7178202
7180560
7180604
7180634
7180891
7180954
7181034
7183209
7183587
7183671
7184058
7184169
7184311
7184336
7184587
7184711
7184806
7184868
7185040
7185180
7185200
7185248
7185532
7185607
7185657
7185757
7185788
7186037
7186059
7186098
7186201
7186213
7186230
7186291
7186446
7186502
7186684
7186846
7186950
7187096
7187166
7187795
7188183
7188204
7188223
7188253
7188496
7188508
7188533
7188669
7188847
7189100
7189198
7189231
7189395
7189415
7189428
7189545
7189801
7189825
7190458
7190459
7190539
7190814
7190935
7191040
7191156
7191311
7191523
7191563
7191629
7192111
7192199
7192217
7192234
7192245
7192527
7192620
7198512
7198648
7198834
7198846
7198881
7198906
7199002
7199010
7199013
7199036
7199037
7199058
7199087
7199135
7199240
7199351
7199436
7199756
7199814
7199884
7200111
7200282
7200299
7200373
7200408
7200457
7200462
7200485
7200510
7200731
7200860
7200935
7200952
7201168
7201208
7201286
7201289
7201665
7201778
7201784
7201931
7201995
7202007
7202027
7202230
7202386
7202537
7202555
7202709
7202801
7202882
7202953
7203341
7203529
7203628
7203786
7203835
7203998
7204073
7204282
7204366
7204464
7204566
7204824
7204825
7204858
7204859
7204907
7205150
7205151
7205181
7205193
7205339
7205453
7205520
7205588
7205980
7206132
7206167
7206215
7206299
7206330
7206350
7206399
7206433
7206604
7206618
7206708
7206808
7206829
7206837
7207013
7207014
7207046
7207056
7207391
7207394
7207486
7207649
7207774
7211135
7211147
7211157
7211215
7211235
7211380
7211575
7211594
7211712
7211789
7212025
7212091
7212151
7212207
7212293
7212478
7212612
7212764
7212779
7212990
7213720
7213849
7214170
7214228
7214363
7214582
7214667
7214801
7214825
7214842
7214880
7215027
7215184
7215369
7215609
7215790
7215832
7215883
7215890
7215906
7215936
7215965
7216003
7216420
7216493
7216511
7216616
7216758
7217059
7217101
7217453
7217481
7217720
7217829
7217965
7218894
7218950
7219000
7219091
7219239
7219540
7219625
7219652
7219691
7220048
7220098
7220273
7220436
7220508
7220604
7220674
7220715
7220771
7220809
7220846
7220958
7221027
7221039
7221316
7221541
7221584
7221755
7222203
7222208
7222939
7254671
7254760
7254812
7254816
7254864
7254989
7255000
7255169
7255398
7255509
7255582
7255821
7255952
7256281
7256395
7256548
7256857
7256960
7256966
7257035
7257089
7257093
7257095
7257526
7257681
7257721
7257815
7257855
7258600
7258762
7258965
7259125
7259391
7259477
7259676
7259930
7259996
7260385
7260386
7260388
7262599
7262612
7264651
7264671
7264830
7264857
7264900
7264976
7265105
7265156
7265200
7265341
7265401
7265569
7266030
7266123
7266412
7266453
7266478
7266533
7266805
7266877
7267046
7267368
7267381
7267385
7267578
7267654
7267780
7267825
7267938
7267949
7268506
7268738
7268847
7268907
7269420
7269729
7269798
7270472
7270548
7270773
7270844
7270908
7271556
7272009
7272220
7272273
7272294
7272373
7272437
7272468
7272511
7272575
7272606
7273051
7273203
7273688
7273833
7273859
7273910
7273960
7274081
7280687
7280785
7281399
7281616
7281668
7281699
7282078
7282108
7282182
7282194
7282434
7282525
7282610
7282613
7282705
7282739
7283180
7283273
7283298
7283365
7283444
7283507
7283604
7283959
7284028
7284119
7284329
7284385
7284393
7284415
7284498
7284545
7284572
7284610
7284662
7284743
7284744
7284771
7284787
7284789
7284908
7285057
7285152
7285217
7285392
7285495
7285617
7285641
7285775
7285973
7286116
7286309
7286632
7286670
7286880
7287028
7287128
7287159
7287162
7287324
7287592
7287601
7287639
7287735
7287792
7287808
7288213
7288252
7288276
7288383
7288587
7288671
7288970
7288983
7289057
7289124
7289133
7289257
7289415
7289416
7292312
7292373
7292514
7292810
7292833
7293120
7293416
7293429
7293474
7293547
7293557
7293590
7293685
7293816
7293865
7294088
7294095
7294197
7294684
7294702
7294746
7294817
7294836
7294867
7295076
7295239
7295255
7295344
7295345
7295372
7295373
7295496
7295508
7295639
7295809
7296077
7296230
7296315
7296432
7296479
7296609
7296631
7296637
7296659
7296882
7296915
7296970
7297489
7297647
7297670
7297681
7298163
7298219
7298281
7298602
7298822
7299301
7299808
7299905
7299911
7300031
7300065
7300150
7300182
7300322
7300533
7300572
7300929
7301057
7301073
7301142
7301333
7301570
7301798
7301895
7301916
7302009
7302396
7302450
7302559
7302689
7302757
7302764
7302940
7303388
7303800
7303957
7304157
7305172
7334972
7335017
7335019
7335065
7335104
7335193
7335267
7335514
7335593
7335602
7335603
7335857
7335905
7335938
7336022
7336173
7336226
7336433
7336548
7336608
7336659
7336662
7336783
7337164
7337334
7337863
7338033
7338414
7338419
7338459
7339002
7339175
7339322
7339596
7339738
7339790
7340082
7340085
7340288
7340343
7340566
7340636
7341020
7341060
7341138
7341360
7341420
7341528
7345113
7345116
7345174
7345201
7345363
7345390
7345391
7345627
7345864
7346048
7346197
7346395
7346632
7346691
7346717
7347120
7347292
7347350
7347511
7347778
7347797
7347932
7347999
7348245
7348276
7348289
7348319
7348349
7348606
7348667
7348798
7348806
7348886
7348968
7349090
7349331
7349434
7349920
7349958
7350067
7350384
7350422
7350496
7350626
7350743
7350790
7350870
7351144
7351563
7351854
7352076
7352862
7352892
7353063
7353250
7353495
7353604
7353783
7353801
7353813
7353858
7354115
7354241
7354257
7354297
7354393
7354508
7357590
7357712
7357788
7357898
7358091
7362501
7363211
7363238
7363288
7363392
7363493
7363589
7363664
7363690
7363744
7363765
7363790
7363837
7363962
7364229
7364284
7364518
7364655
7364715
7364754
7364923
7364934
7364992
7365070
7365184
7365314
7365528
7365833
7366018
7366067
7366209
7366232
7366254
7366283
7366513
7366644
7366698
7366728
7366756
7366824
7367064
7367141
7367164
7367212
7367300
7367395
7367431
7367641
7367822
7367835
7367854
7367924
7368036
7368165
7368298
7368456
7368574
7368642
7368645
7368837
7368951
7368978
7368999
7369040
7369095
7369109
7369181
7369195
7369224
7369442
7372835
7372915
7373065
7373425
7373483
7373534
7373727
7373877
7373944
7373965
7373992
7374601
7374657
7375007
7375009
7375136
7375418
7375467
7375736
7375760
7375862
7375904
7376252
7376255
7376382
7376732
7376751
7376802
7376906
7376946
7377314
7377364
7377427
7377566
7377786
7377872
7378017
7378049
7378321
7378532
7378653
7378659
7378729
7379420
7379432
7379583
7379604
7379728
7379740
7380501
7380684
7380743
7381122
7381137
7381180
7381455
7381552
7381727
7381968
7381989
7382017
7382191
7382228
7382434
7382696
7382783
7382965
7383015
7383324
7383394
7384169
7384881
7384899
7385052
7385176
7385313
7385334
7385442
7385709
7386034
7386128
7386454
7386523
7386536
7386714
7386987
7387226
7416016
7416226
7416432
7416443
7416598
7416646
7416706
7416736
7416830
7416840
7416956
7417295
7417565
7417668
7417677
7417732
7417786
7417788
7417813
7418215
7418238
7418367
7418573
7418596
7418692
7418703
7419515
7419560
7420204
7420495
7420545
7420600
7420630
7420658
7420726
7420882
7421015
7421116
7421325
7421353
7421401
7421693
7421706
7421876
7421894
7421933
7422001
7422205
7422215
7422278
7422281
7422352
7422494
7422495
7422626
7422811
7422855
7423040
7426706
7426766
7426780
7426877
7427112
7427125
7427532
7427696
7427795
7427935
7427949
7427957
7428017
7428038
7428087
7428293
7428469
7428636
7428862
7428892
7428909
7428939
7429071
7429072
7429256
7429368
7429808
7429941
7430058
7430238
7430286
7430508
7430659
7430697
7430734
7430853
7430861
7430997
7431509
7431632
7431709
7431833
7431834
7431887
7431965
7432054
7432074
7432092
7432346
7432354
7432378
7432476
7432495
7432575
7432698
7432753
7432941
7433192
7433434
7433457
7433517
7433563
7433683
7433920
7433941
7434066
7434110
7434383
7434449
7434544
7434682
7434967
7435017
7435098
7435274
7435358
7435407
7435677
7435701
7435721
7435796
7435865
7436369
7439118
7439300
7440144
7440510
7440570
7440812
7445487
7445601
7445605
7445732
7445809
7445952
7446002
7446038
7446080
7446088
7446184
7446291
7446469
7446475
7446835
7447105
7447117
7447172
7447190
7447195
7447477
7447479
7447596
7447644
7447656
7447776
7448023
7448057
7448078
7448289
7448374
7448573
7448658
7448760
7448896
7448941
7448969
7449212
7449232
7449287
7449333
7449417
7449475
7449695
7449924
7449976
7449978
7450736
7450929
7451054
7451093
7451094
7451215
7451604
7455026
7455033
7455163
7455166
7455247
7455871
7455940
7456036
7456279
7456297
7456336
7456380
7456395
7456437
7456455
7456483
7456580
7456662
7456981
7456992
7457176
7457546
7457980
7457995
7458145
7458215
7458355
7458433
7458475
7458488
7458527
7458625
7458630
7458641
7458934
7459119
7459154
7459173
7459327
7459347
7459381
7459602
7459783
7459803
7460327
7460330
7460436
7461022
7461212
7461382
7461395
7461441
7461545
7461583
7461742
7461911
7462031
7462175
7462939
7462984
7463116
7463158
7463623
7463737
7463750
7463765
7464020
7464205
7464236
7464361
7464386
7464417
7464520
7464593
7464759
7464841
7464867
7464869
7465059
7465203
7465605
7465661
7465807
7466020
7466105
7466155
7466188
7466262
7466326
7466345
7466603
7466828
7467013
7467119
7467171
7468246
7468471
7468783
7468863
7469009
7469117
7469138
7469364
7469367
7469649
7470082
7470085
7470115
7470147
7470608
7470609
7470693
7470715
7470717
7470855
7471043
7499271
7499328
7499343
7499372
7499547
7499625
7499819
7499836
7499967
7500085
7500099
7500161
7500710
7500845
7501009
7501509
7501532
7501618
7501967
7502065
7502086
7502108
7502163
7502227
7502259
7502269
7502497
7502545
7502548
7502608
7502671
7502783
7503044
7503630
7503731
7503882
7504049
7504202
7504207
7504239
7504656
7504769
7504933
7505185
7505823
7505873
7505877
7506027
7506263
7506298
7506620
7506881
7509281
7509395
7509473
7509496
7509618
7509798
7509806
7509897
7509982
7510049
7510131
7510237
7510447
7510457
7510474
7510515
7510567
7510633
7510767
7510834
7510887
7511060
7511147
7511396
7511414
7511430
7511552
7511600
7511636
7511658
7511732
7511865
7511885
7512128
7512333
7512709
7512835
7512845
7512890
7513008
7513011
7513213
7513242
7513462
7513529
7513582
7513681
7513751
7513867
7514250
7514323
7514412
7514595
7514737
7514858
7515087
7515308
7515393
7515444
7515468
7515543
7515645
7515908
7515980
7516478
7516505
7516695
7516880
7517070
7517100
7517147
7517368
7517370
7517379
7517679
7517686
7517793
7517798
7517812
7517852
7517963
7518163
7518269
7518272
7518331
7518655
7518861
7519158
7519257
7521775
7521850
7521898
7521962
7522702
7522723
7523150
7523340
7523688
7523705
7523785
7523985
7524131
7528645
7528955
7528980
7529290
7529513
7529753
7529870
7530033
7530196
7530203
7530410
7530483
7530536
7530674
7530991
7531311
7531327
7531331
7531553
7531570
7531638
7531812
7532023
7532067
7532137
7532354
7532381
7532476
7532518
7532880
7532946
7533119
7533158
7533340
7533420
7533538
7533643
7533707
7533799
7533849
7534037
7534212
7534239
7534253
7534455
7534474
7534531
7537577
7537597
7537631
7537661
7537666
7537833
7537945
7537995
7538155
7538173
7538307
7538390
7538419
7538638
7538711
7538796
7538802
7538839
7538921
7539217
7539346
7539607
7539646
7539669
7539766
7540114
7540495
7540763
7540877
7540960
7540961
7541061
7541099
7541110
7541113
7541197
7541650
7541659
7542310
7542311
7542314
7542648
7542652
7542858
7543006
7543167
7543515
7543759
7543760
7544117
7544521
7544739
7544779
7544913
7545518
7545542
7545609
7545702
7546106
7546359
7546495
7546674
7547175
7547289
7547328
7547667
7547925
7547969
7548035
7548049
7548341
7548350
7548531
7548674
7548790
7548833
7548914
7549105
7549265
7549389
7549594
7549825
7550094
7550142
7550393
7550875
7550904
7551389
7551546
7551695
7551829
7552002
7552119
7552207
7552265
7552450
7552680
7552838
7552933
7553235
7553287
7553334
7581063
7581081
7581219
7581292
7581487
7581614
7581770
7581798
7581961
7581970
7582271
7582326
7582520
7582602
7583014
7583116
7583148
7583660
7583798
7583949
7584126
7584140
7584332
7584778
7584931
7585004
7585409
7585569
7585860
7586015
7586032
7586129
7586541
7586560
7586580
7586653
7586802
7586869
7587624
7587802
7587982
7588292
7590933
7591110
7591127
7591176
7591386
7591432
7591741
7591886
7592079
7592133
7592165
7592205
7592643
7592696
7592757
7592977
7592990
7593064
7593207
7593256
7593346
7593595
7593749
7593769
7593903
7593920
7593951
7594065
7594259
7594684
7594770
7594800
7595041
7595050
7595177
7595209
7595232
7595928
7596034
7596346
7596634
7596847
7597197
7597607
7597641
7597771
7597952
7597999
7598049
7598209
7598282
7598326
7598333
7598549
7598745
7598886
7599118
7599122
7601911
7601913
7601914
7602179
7602277
7602605
7602833
7602845
7602986
7603004
7603522
7603569
7603597
7603603
7603635
7603923
7603951
7604022
7604045
7604050
7604094
7604191
7604209
7604546
7604631
7604692
7604878
7604934
7609164
7609366
7609420
7609426
7609504
7609582
7609669
7609819
7609886
7610110
7610128
7610248
7610561
7610589
7610788
7611432
7611798
7611858
7612042
7612187
7612196
7612205
7612227
7612377
7612445
7612477
7612528
7612670
7612842
7612979
7613079
7613406
7613448
7613774
7616834
7616988
7617153
7617199
7617521
7617977
7618184
7618256
7618645
7618923
7618948
7619082
7619249
7619344
7619403
7619473
7619731
7620399
7620468
7620572
7620991
7621019
7621056
7621236
7621276
7621663
7621754
7621835
7622007
7622220
7622419
7622592
7622767
7622850
7622978
7623511
7623918
7624180
7624657
7624666
7624782
7624935
7624946
7625010
7625138
7625150
7625221
7625358
7625738
7625883
7625890
7625963
7626339
7626388
7626669
7626712
7626758
7626785
7627107
7627376
7627537
7627693
7628047
7628422
7629091
7629287
7629605
7629731
7629753
7629944
7630057
7630200
7630232
7630526
7630663
7630772
7630848
7631138
7631774
7657990
7658166
7658727
7658761
7658818
7658882
7658920
7659006
7659172
7659219
7659275
7659305
7659665
7659667
7660047
7660117
7660389
7660442
7660472
7660542
7660548
7660557
7660647
7661117
7661154
7661182
7661281
7661307
7661316
7661598
7661768
7661829
7661834
7661883
7661902
7662295
7662339
7662428
7662514
7662654
7662784
7663140
7663174
7663413
7663680
7663830
7664197
7664485
7666972
7667094
7667213
7667381
7667466
7667673
7667699
7667812
7668161
7668207
7668358
7668457
7668546
7668573
7668623
7668658
7668661
7668770
7668857
7668880
7669174
7669197
7669239
7669332
7669437
7669562
7669727
7669766
7669777
7670507
7670630
7670700
7670797
7670807
7670852
7671015
7671028
7671030
7671065
7671229
7671318
7671410
7671716
7671746
7671841
7671855
7671966
7672018
7672186
7672323
7672446
7672483
7672485
7672590
7672686
7672724
7672808
7672917
7673005
7673134
7673177
7673264
7673352
7673385
7673428
7673433
7673449
7673496
7673604
7673768
7673891
7673919
7674033
7674109
7674190
7674210
7674341
7674440
7676756
7676824
7676864
7676908
7676947
7676949
7677068
7677340
7677394
7677406
7677767
7677913
7678060
7678238
7678266
7678396
7678417
7678465
7678493
7678509
7678583
7678666
7678770
7678852
7679090
7679215
7679531
7679637
7679640
7679876
7679979
7680165
7680280
7680305
7680503
7684469
7684473
7684803
7684812
7684815
7684838
7685010
7685028
7685035
7685197
7685272
7685273
7685294
7685430
7685471
7685801
7685814
7685918
7685931
7686047
7686098
7686180
7686244
7686262
7686474
7686542
7686674
7686806
7686867
7686976
7687019
7687703
7687706
7687855
7687866
7688058
7690490
7690521
7690781
7691089
7691092
7691170
7691191
7691197
7691204
7691414
7691457
7691514
7691523
7691547
7691676
7691740
7691764
7691773
7691910
7691958
7691983
7691989
7692000
7692019
7692073
7692089
7692108
7692304
7692454
7692465
7692828
7693206
7693403
7693494
7693817
7694165
7694200
7694220
7694313
7694417
7694634
7694707
7694809
7694828
7694841
7694992
7695111
7695142
7695268
7695387
7695398
7695445
7695450
7695500
7695568
7695720
7695793
7695814
7695869
7695877
7695894
7696149
7696284
7696934
7696982
7696984
7697128
7697179
7697247
7697317
7697396
7697595
7697649
7697712
7697881
7697947
7698079
7698253
7698258
7698362
7698523
7698553
7698648
7698850
7698918
7698981
7699159
7699242
7699267
7699514
7699517
7699528
7699560
7699583
7699618
7699627
7699717
7700475
7700500
7700561
7700709
7700931
7700947
7701027
7701226
7701297
7701414
7701615
7702025
7702319
7702334
7702593
7702783
7702806
7702937
7702993
7703017
7703165
7703219
7703244
7703339
7703362
7703608
7703766
7703785
7703854
7704154
7707736
7707805
7707918
7707962
7708093
7708454
7708789
7709130
7729041
7729329
7729405
7729557
7729574
7729744
7729911
7730259
7730305
7730453
7730615
7730659
7730813
7730872
7730885
7730992
7731155
7731178
7731183
7731334
7731362
7731450
7731778
7732139
7732168
7732206
7732242
7732461
7732522
7732556
7732722
7732980
7733540
7733559
7733778
7733785
7733925
7734036
7734207
7734216
7734325
7734456
7734612
7734775
7734893
7735036
7735266
7738726
7738796
7738921
7738943
7738973
7739066
7739085
7739127
7739141
7739267
7739597
7739672
7739728
7739760
7739768
7739818
7739913
7740370
7740414
7740465
7740952
7740957
7740983
7741192
7741311
7741652
7741750
7741801
7741887
7741987
7742097
7742284
7742351
7742352
7742408
7742671
7742748
7742951
7743071
7743098
7743128
7743339
7743409
7743412
7743653
7743830
7743987
7744027
7744036
7744122
7744150
7744209
7744274
7744435
7744634
7744797
7744840
7747091
7747168
7747197
7747200
7747368
7747522
7747625
7747660
7748220
7748234
7748304
7748449
7748764
7749008
7749045
7749094
7749101
7749104
7749348
7749366
7749368
7749386
7749544
7749808
7749890
7749903
7749926
7750128
7750144
7750330
7750507
7750657
7750728
7750731
7750757
7750762
7750765
7750881
7750931
7751003
7751017
7751175
7751202
7751276
7751278
7751282
7751342
7751367
7751425
7751487
7751530
7751675
7751692
7751906
7751922
7752035
7755422
7755520
7755924
7755975
7755976
7756113
7756164
7756264
7756377
7756549
7756571
7756607
7756621
7756685
7756686
7756709
7756724
7756797
7756820
7756984
7757161
7757287
7757301
7757620
7757679
7757698
7757806
7758009
7758029
7758086
7760570
7760603
7760730
7760815
7760895
7761004
7761021
7761115
7761207
7761381
7761401
7761413
7761440
7761519
7761527
7762157
7762190
7762306
7762419
7762516
7762604
7762721
7762843
7762928
7763101
7763240
7763388
7763435
7763661
7763889
7763916
7764131
7764561
7764601
7764612
7765047
7765135
7765236
7765374
7765544
7765677
7765697
7765762
7765848
7766029
7766047
7766241
7766271
7766294
7766306
7767181
7767182
7767333
7767342
7767374
7767605
7767668
7767679
7767815
7767894
7768067
7768158
7768262
7768299
7768357
7768898
7768911
7768929
7768931
7769016
7769049
7769115
7769190
7769210
7769268
7769320
7769331
7769512
7769810
7769891
7769908
7770055
7770147
7770198
7770226
7770312
7770745
7770901
7770929
7771108
7771149
7771186
7771282
7771434
7771440
7771531
7771537
7771662
7771735
7771970
7772109
7772296
7772419
7772998
7773080
7773209
7773228
7773589
7773724
7773885
7777272
7777570
7777619
7777787
7777791
7778305
7778678
7778687
7778869
7779339
7779407
7779411
7779611
7797734
7798090
7798623
7798893
7799009
7799169
7799172
7799202
7799260
7799405
7799526
7799554
7799652
7799843
7800087
7800137
7800771
7800845
7800958
7801144
7801339
7801387
7801532
7801559
7801596
7801848
7802092
7802208
7802461
7802584
7802727
7802777
7802933
7803414
7803582
7803596
7803692
7803783
7804024
7805901
7806013
7807888
7808078
7808087
7808146
7808156
7808214
7808399
7808456
7808484
7808507
7808605
7808672
7808946
7809022
7809035
7809111
7809123
7809207
7809727
7809755
7810120
7810221
7810260
7810334
7810415
7810551
7810653
7810773
7810798
7810945
7811057
7811310
7811438
7811497
7811688
7812193
7812283
7812305
7812368
7812369
7812494
7812517
7812583
7812797
7812893
7812977
7813203
7813349
7813363
7813370
7813374
7813427
7813547
7813656
7815937
7815970
7816137
7816142
7816203
7816211
7816246
7816499
7816647
7816662
7817211
7817242
7817272
7817489
7817584
7817786
7818069
7818419
7818857
7819268
7819337
7819435
7819643
7819721
7819790
7819809
7820035
7820138
7820486
7820558
7820702
7820946
7821089
7821205
7821926
7825970
7825975
7825978
7826063
7826323
7826705
7827151
7829719
7829740
7829827
7829836
7830019
7830057
7830210
7830265
7830340
7830341
7830362
7830435
7830503
7830729
7830877
7830917
7830984
7831408
7832029
7832266
7832336
7832626
7832745
7832750
7832765
7832784
7833157
7833580
7833587
7833588
7833622
7833634
7834011
7834016
7834412
7834537
7834639
7834668
7834847
7834913
7834941
7835027
7835113
7835135
7835181
7836169
7836298
7836401
7836428
7836678
7836863
7836910
7837122
7837175
7837214
7837370
7837372
7837608
7837767
7837909
7837972
7838033
7838066
7838296
7838321
7838375
7838405
7838616
7838765
7839163
7839199
7839284
7839286
7839358
7839375
7839705
7839874
7839935
7839949
7840145
7840445
7840494
7840820
7840840
7841008
7841024
7841274
7841333
7841525
7841683
7841737
7841789
7841938
7841986
7842007
7842041
7842090
7842279
7842576
7842754
7842819
7846522
7846543
7846638
7846682
7847566
7847766
7847791
7847887
7848033
7848349
7848629
7848638
7848826
7848852
7848853
7849441
7849521
7849619
7849813
7849826
7849879
7850105
7866614
7866761
7866763
7866891
7866966
7867011
7867091
7867105
7867109
7867279
7867295
7867461
7867493
7867498
7867585
7867964
7868047
7868241
7868489
7868492
7868619
7868630
7868663
7868689
7868899
7868976
7869062
7869064
7869077
7869805
7869831
7870020
7870062
7870071
7870112
7870244
7870385
7870440
7870543
7870612
7870632
7870746
7870750
7870761
7870788
7870923
7870958
7871145
7871395
7871438
7871442
7871453
7871531
7871614
7871678
7871986
7872098
7872212
7872305
7872614
7872692
7872765
7872997
7873020
7874929
7875008
7875011
7875344
7875549
7877094
7877181
7877209
7877270
7877427
7877465
7877651
7877654
7877676
7877679
7877888
7878011
7878021
7878049
7878052
7878150
7878428
7878684
7878794
7878923
7878935
7879005
7879310
7879315
7879384
7879426
7879639
7879812
7879924
7880225
7880466
7880490
7880628
7880633
7880690
7880789
7880904
7880924
7880980
7880981
7881168
7881228
7881278
7881461
7881991
7882003
7882229
7882390
7882472
7884362
7884463
7884814
7884846
7885309
7885558
7885698
7885857
7886049
7886115
7886164
7886216
7886487
7886488
7886590
7886682
7887068
7887243
7887332
7887386
7887457
7887561
7887567
7887969
7888000
7888381
7888498
7888585
7889173
7889178
7889188
7889428
7890231
7890372
7890538
7890584
7890598
7890849
7891030
7891183
7891271
7894915
7895129
7895192
7895430
7897834
7897895
7897915
7898071
7898238
7898314
7898449
7898676
7898748
7898781
7898919
7899307
7899309
7899398
7899492
7899668
7899720
7899837
7900109
7900114
7900137
7900284
7900436
7900579
7900656
7900713
7900727
7900786
7900968
7900973
7901001
7901023
7901073
7901150
7901208
7901336
7901479
7901541
7901622
7901684
7901784
7901813
7901859
7901876
7902000
7902001
7902073
7902087
7902097
7902287
7902455
7902501
7902521
7902693
7902746
7902762
7902878
7902938
7903096
7903102
7903192
7903197
7903262
7903362
7903368
7903600
7904194
7904289
7904317
7904539
7904637
7904822
7905007
7905118
7905458
7905575
7905683
7905702
7905963
7906023
7906094
7906245
7906482
7906666
7906772
7906803
7906811
7906813
7906865
7906879
7906885
7907100
7907119
7907175
7907308
7907458
7907476
7907626
7907688
7907712
7907879
7907916
7907992
7908010
7908416
7908531
7908539
7908543
7908578
7908617
7908791
7908903
7909044
7909082
7909383
7909399
7909569
7909671
7910135
7910700
7910731
7910775
7910819
7910848
7910877
7910913
7910993
7911033
7911190
7914531
7914600
7914624
7914816
7914829
7915315
7915628
7915824
7915848
7915955
7915959
7915993
7916140
7916265
7916294
7916726
7916767
7916838
7916886
7916958
7916971
7916982
7917035
7917040
7917068
7917548
7917755
7917775
7917961
7918000
7918610
7919516
7919763
7919867
7935506
7935631
7935694
7935835
7935898
7935997
7936002
7936194
7936302
7936309
7936614
7936757
7936824
7936831
7937049
7937153
7937174
7937361
7937391
7937413
7937821
7938012
7938355
7938615
7938681
7938739
7938787
7938821
7938890
7938914
7938920
7938943
7939051
7939565
7939786
7939982
7940020
7940025
7940129
7940822
7941056
7941166
7941412
7943762
7943763
7943764
7943846
7943920
7943989
7944217
7944271
7944345
7944403
7944502
7944665
7946670
7946702
7947439
7947506
7947607
7947730
7947891
7947895
7948025
7948323
7948358
7948574
7948604
7948619
7948628
7948632
7948713
7948779
7949034
7949259
7949266
7949300
7949304
7949320
7949458
7949482
7949566
7949663
7949690
7949846
7949934
7950229
7950279
7950450
7950616
7950674
7950682
7950773
7950832
7950997
7951037
7951052
7951063
7953343
7953377
7953482
7953579
7953745
7953911
7953962
7953983
7954104
7954160
7954192
7954195
7954276
7954521
7954542
7954705
7954995
7954998
7955266
7955429
7955606
7955887
7956132
7956211
7956298
7956397
7956426
7956552
7956568
7956625
7956741
7957082
7957102
7957290
7957397
7957708
7957709
7957710
7957825
7957881
7958018
7958049
7958062
7958922
7958926
7959162
7959198
7959502
7959510
7959828
7959882
7960178
7960279
7960466
7960537
7960606
7960652
7960728
7964262
7966592
7966705
7966720
7966814
7966841
7966959
7966985
7967181
7967243
7967416
7967567
7967677
7968145
7968451
7968513
7968553
7968563
7969244
7969331
7969865
7969912
7969984
7970082
7970102
7970194
7970257
7970283
7970319
7970510
7970642
7971035
7971156
7971363
7971413
7971947
7972090
7972140
7972746
7973122
7973156
7973675
7973706
7973723
7973757
7973819
7973882
7974106
7974165
7974438
7974471
7974614
7974634
7974877
7975010
7975108
7975122
7975146
7975212
7975408
7975417
7975471
7975698
7976136
7976184
7976185
7976256
7976273
7976727
7976736
7976885
7977108
7977479
7977652
7977658
7977721
7977748
7978202
7978226
7978290
7978315
7978378
7978718
7978861
7978865
7978937
7978967
7979335
7979499
7983240
7983299
7983449
7983502
7983524
7983548
7983570
7983606
7983622
7983658
7984377
7984401
7984856
7985001
7985152
7985370
7985395
7985485
7985506
7985744
7986111
7986589
7986966
7986999
7987017
7987369
7987514
7987781
7987934
7988039
7988101
7988343
7988567
7988582
7988614
7988712
7988869
7988891
7989111
7989229
7989348
7989590
7989694
7989712
8004630
8004647
8005337
8005371
8005405
8005439
8005441
8005470
8005499
8005578
8005667
8005799
8005800
8005892
8006143
8006219
8006344
8006948
8006995
8007018
8007174
8007234
8007303
8007636
8007688
8007752
8007962
8008066
8008241
8008320
8008334
8008585
8008646
8008686
8008720
8008771
8008813
8008835
8009196
8009216
8009250
8009474
8009549
8009654
8009663
8009932
8009973
8010330
8012338
8012555
8012761
8012807
8012936
8012943
8013042
8013203
8013233
8013374
8013517
8013545
8013573
8013600
8013694
8015419
8015525
8016020
8016204
8016222
8016395
8016413
8016496
8016688
8016709
8016851
8016887
8016943
8017030
8017150
8017196
8017291
8017353
8017362
8017379
8017414
8017490
8017911
8018002
8018169
8018208
8018260
8018357
8018579
8018599
8018614
8018654
8018696
8018714
8018769
8019353
8019753
8021926
8021999
8022037
8022076
8022089
8022187
8022329
8022337
8022404
8022522
8022545
8022975
8023018
8023159
8023454
8023462
8023470
8023973
8024053
8024114
8024188
8024229
8024260
8024495
8024499
8024579
8024749
8024894
8024961
8024987
8025043
8025257
8025611
8025747
8026032
8026177
8026371
8026419
8026478
8026500
8026650
8026771
8027027
8027108
8027535
8027872
8028245
8028312
8028465
8028534
8028757
8028923
8028946
8028961
8029035
8029079
8029244
8029332
8029348
8029412
8029476
8029503
8029556
8029710
8029734
8029895
8034989
8035099
8035115
8035459
8035497
8035541
8035589
8035743
8035802
8035856
8036272
8036400
8036457
8036915
8036921
8037296
8037358
8037466
8037490
8037529
8037792
8038183
8038187
8038388
8038467
8038510
8038694
8039128
8039191
8039313
8039595
8039630
8039697
8039726
8039767
8039900
8039995
8040308
8040364
8040409
8040551
8041424
8041502
8041540
8041566
8041640
8041762
8041793
8041889
8041971
8042251
8042281
8042464
8042489
8042528
8042729
8042738
8042739
8042782
8042853
8042983
8043076
8043142
8043256
8043361
8043364
8043390
8043621
8043650
8043691
8043748
8043775
8043841
8043882
8044016
8044459
8044479
8044537
8044754
8044763
8044805
8045129
8045160
8045293
8045396
8045402
8045482
8046028
8046223
8046388
8046654
8046690
8046796
8046850
8046852
8046892
8046903
8046954
8047264
8047278
8047296
8047321
8047357
8047477
8047736
8047804
8052016
8052462
8052463
8052695
8052759
8052895
8053021
8053037
8053266
8053333
8053366
8053426
8053442
8053601
8053780
8053926
8054251
8054548
8054618
8054838
8055837
8056162
8056286
8056507
8056853
8056871
8057598
8057997
8058082
8058211
8058269
8059043
8059291
8059459
8059595
8059666
8059878
8073672
8073767
8073810
8074096
8074183
8074287
8074359
8074564
8074682
8074803
8074818
8075058
8075128
8075439
8075482
8075555
8075638
8075691
8075695
8075756
8075991
8075999
8076459
8076634
8076890
8076905
8077029
8077317
8077320
8077356
8077476
8077794
8077859
8078244
8078255
8078396
8078425
8078638
8078666
8078753
8078804
8078875
8078983
8079074
8079142
8081162
8081222
8081354
8081387
8081471
8081566
8081757
8081822
8081971
8081999
8082281
8082356
8082362
8082525
8082568
8082654
8082875
8082910
8082928
8082956
8082970
8083086
8084770
8084853
8085076
8085409
8085465
8086051
8086085
8086144
8086378
8086398
8086455
8086510
8086558
8086600
8086878
8087195
8087237
8087251
8087274
8087329
8087381
8087509
8087612
8087723
8087781
8087813
8087887
8088078
8088157
8088161
8088246
8090349
8090473
8090521
8090561
8090616
8091504
8091757
8091877
8092402
8092433
8092454
8092640
8092901
8093034
8093173
8093179
8093473
8093614
8093813
8094234
8094374
8094539
8094647
8094756
8094786
8094851
8094861
8095028
8095041
8095149
8095226
8095272
8095508
8096062
8096271
8096324
8096534
8096576
8096582
8096599
8096830
8096921
8097124
8097425
8097475
8097582
8097746
8097851
8098228
8098545
8098546
8098626
8098749
8098960
8098963
8098975
8099075
8099085
8099235
8099275
8099318
8099476
8103565
8104151
8104467
8104614
8104732
8104824
8104863
8105052
8105225
8105243
8105265
8105352
8105451
8105487
8105543
8105943
8106730
8106814
8107036
8107129
8107132
8107143
8107184
8107490
8107506
8107822
8107835
8107881
8107969
8108282
8108288
8108549
8108667
8109057
8109898
8110005
8110141
8110186
8110258
8110350
8110383
8110458
8110645
8110856
8110870
8111038
8111145
8111175
8111203
8111210
8111311
8111356
8111437
8111521
8111643
8111716
8111770
8111879
8111895
8112006
8112017
8112114
8112379
8112416
8112537
8112584
8112897
8113166
8113207
8113552
8113580
8113625
8113684
8113778
8113842
8114053
8114302
8114532
8114703
8114745
8115053
8115176
8115239
8115285
8115373
8115638
8115701
8115723
8115782
8115893
8116101
8119936
8120272
8120453
8120907
8121067
8121202
8121489
8121994
8122042
8122141
8122224
8122299
8122392
8122679
8122754
8123051
8123170
8123220
8123314
8123716
8123801
8123825
8124308
8124425
8124649
8124682
8124732
8124788
8124914
8125217
8125229
8125652
8126029
8126271
8126371
8126486
8127947
8128228
8128508
8128829
8128914
8128926
8128999
8142547
8142745
8142775
8142993
8142997
8143238
8143433
8143717
8143737
8143783
8143903
8143909
8143958
8144096
8144291
8144313
8144578
8144647
8144913
8144926
8144953
8144955
8144964
8144996
8145063
8145089
8145147
8145163
8145174
8145351
8145383
8145498
8145579
8145595
8145637
8145676
8145762
8145996
8146043
8146116
8146317
8146507
8146678
8146803
8146839
8148856
8148908
8149014
8149164
8149226
8149263
8149401
8149466
8149616
8149694
8149782
8149819
8149847
8150071
8150383
8150401
8150479
8150533
8150612
8150651
8150678
8150725
8150746
8150769
8151009
8151178
8151196
8151508
8153154
8153245
8153499
8153662
8153686
8153705
8153731
8153734
8153822
8153942
8153954
8154444
8154449
8154485
8154643
8154671
8154797
8154798
8155006
8155156
8155169
8155752
8156081
8156310
8158164
8158227
8158318
8158429
8158489
8158535
8158944
8159504
8159777
8160546
8160622
8160698
8160751
8160868
8160952
8161585
8161589
8161771
8161808
8161894
8162117
8162249
8162250
8162330
8162376
8162386
8162452
8162629
8162710
8162830
8162985
8163102
8163292
8163403
8163528
8164015
8164381
8164449
8164561
8164591
8164622
8164927
8164960
8165126
8165218
8165282
8165288
8165389
8165532
8165558
8165724
8165762
8165944
8166011
8166163
8166204
8166354
8166488
8166583
8166764
8166835
8166879
8166912
8166963
8167049
8167065
8167086
8167171
8167223
8167504
8167703
8167763
8167962
8171863
8172108
8172560
8172598
8172692
8172776
8172906
8172915
8173002
8173356
8173427
8173808
8173925
8173968
8174014
8174116
8174124
8174143
8174245
8174259
8174308
8174332
8174576
8174654
8174726
8174845
8174878
8174905
8174981
8175164
8175252
8175266
8175404
8175481
8175738
8176077
8176434
8176468
8176536
8176634
8176639
8176683
8176783
8176820
8176951
8176961
8177062
8177701
8177847
8177848
8177976
8178072
8178087
8178825
8179177
8179320
8179388
8179404
8179446
8179599
8179635
8179669
8179896
8179924
8180001
8180082
8180502
8180514
8180580
8180748
8181016
8181113
8181182
8181415
8181462
8181586
8181624
8181631
8181646
8181681
8181693
8181707
8181731
8181975
8182107
8182160
8182196
8182224
8182226
8182250
8182427
8182524
8182610
8182722
8182830
8182999
8183034
8183277
8183378
8183385
8183402
8183477
8183594
8183692
8183753
8183814
8187809
8188032
8188059
8188282
8188301
8188967
8189251
8189297
8189299
8189323
8189442
8189479
8189555
8189906
8190001
8190384
8190390
8190551
8190637
8191015
8191020
8191053
8191238
8191258
8191314
8191404
8191589
8191673
8192427
8192490
8192554
8192861
8193193
8193296
8193338
8193441
8194068
8195297
8195693
8195866
8195913
8196076
8196135
8196252
8196336
8196354
8196449
8196587
8196682
8197275
8197313
8197351
8197356
8197358
8197368
8197372
8197429
8197461
8197767
8197780
8197790
8197798
8197853
8197871
8197923
8198117
8210204
8210274
8210323
8210615
8210709
8211090
8211306
8211476
8211538
8211541
8211801
8211889
8211970
8212323
8212367
8212368
8212472
8212521
8212665
8212670
8212943
8213064
8213221
8213259
8213666
8213703
8213938
8214042
8214062
8214259
8216645
8216786
8216936
8217030
8217073
8217078
8217254
8217295
8217313
8217387
8217626
8218007
8218019
8218064
8218307
8218516
8218637
8218687
8218739
8218780
8218805
8218922
8218974
8218991
8219123
8219187
8219307
8219352
8219476
8219515
8219533
8219599
8221719
8221901
8221959
8222010
8222029
8222088
8222161
8222265
8222366
8222467
8222595
8222975
8223070
8223081
8223082
8223197
8223540
8223544
8223872
8223880
8225694
8225723
8225837
8225946
8226304
8226436
8226440
8226464
8226510
8226542
8226912
8226949
8228868
8229396
8229764
8229834
8229898
8229944
8230103
8230307
8230671
8230730
8230813
8230829
8231309
8231376
8231476
8231556
8231667
8231827
8231835
8232064
8232081
8232121
8232327
8232358
8232572
8232742
8233094
8233110
8233314
8233353
8233490
8233588
8233972
8234226
8234471
8234710
8234817
8234825
8234889
8235149
8235196
8235229
8235260
8235487
8235498
8235743
8235797
8236152
8236202
8236204
8236265
8236270
8240242
8240302
8240563
8240831
8240881
8240900
8241180
8241358
8241497
8241578
8241781
8241877
8241952
8242064
8242135
8242192
8242209
8242293
8242334
8242342
8242455
8242460
8242567
8242593
8242683
8242709
8242714
8243228
8243625
8243754
8244406
8244902
8244972
8244977
8244984
8245105
8245192
8245197
8245270
8245274
8245295
8245328
8245391
8245650
8245783
8245992
8246092
8246171
8246218
8246325
8246379
8246464
8246552
8246580
8246621
8246648
8246666
8246855
8247003
8247018
8247368
8247468
8247483
8247608
8247693
8247713
8247818
8247845
8248308
8248415
8248498
8248655
8248927
8249046
8249139
8249189
8249268
8249558
8249914
8249946
8250025
8250830
8251007
8251142
8251213
8255015
8255083
8255182
8255206
8255626
8255727
8255943
8256040
8256243
8256837
8257084
8257125
8257134
8257217
8257779
8257983
8258098
8258370
8258596
8258609
8258703
8259004
8259617
8259631
8259738
8259829
8260438
8260898
8260967
8260980
8261042
8261964
8262011
8262172
8262360
8262436
8262678
8262795
8262972
8263331
8263377
8263503
8263765
8263768
8263810
8263825
8263833
8263926
8263971
8264039
8264121
8264134
8264162
8264245
8264287
8264298
8264310
8264335
8264336
8264370
8264376
8264398
8264399
8264400
8264418
8264427
8264443
8264448
8264476
8264548
8264567
8264599
8264620
8264701
8264737
8264754
8264755
8264794
8264927
8265007
8265124
8265150
8265194
8265197
8265273
8265394
8265571
8265594
8265953
8266004
8266098
8266166
8266364
8266461
8276746
8276811
8276858
8276959
8277004
8277014
8277175
8277431
8277558
8277796
8277836
8278120
8278141
8278268
8278314
8278323
8278433
8278586
8278669
8278688
8279080
8279274
8279503
8279515
8279632
8279651
8279671
8279761
8279801
8279924
8280113
8280147
8280490
8280500
8282807
8282808
8282831
8282865
8282900
8282948
8283005
8283025
8283255
8283487
8283596
8283832
8283875
8283925
8283948
8283996
8284161
8284361
8284423
8284487
8284493
8284699
8284763
8284962
8285301
8285312
8285394
8285463
8285664
8285787
8285885
8285970
8288321
8288363
8288423
8288455
8288542
8288674
8288684
8288698
8288771
8288864
8289125
8289241
8289274
8289390
8289396
8289464
8289532
8289565
8289888
8291864
8291907
8291950
8292029
8292321
8292323
8292445
8292472
8292510
8292556
8292758
8292884
8292968
8292992
8293258
8293302
8293417
8293571
8293722
8293984
8294051
8294354
8294386
8295383
8295517
8295531
8295781
8295971
8296064
8296121
8296359
8296400
8296591
8296696
8296853
8296924
8297374
8297506
8297612
8297616
8297754
8297789
8297895
8298058
8298090
8298100
8298130
8298221
8298626
8298755
8298769
8298931
8298968
8299066
8299181
8299222
8299279
8299361
8299376
8299860
8299909
8300056
8300087
8300258
8300278
8300580
8300631
8300688
8300828
8301284
8301349
8301505
8301866
8301982
8302223
8302265
8307236
8307242
8307444
8307522
8307627
8307647
8307712
8307824
8307903
8308152
8308166
8308173
8308302
8308352
8308526
8308588
8308601
8308747
8308755
8308866
8308887
8308903
8308949
8309356
8310003
8310086
8310183
8310800
8310878
8310886
8311074
8311133
8311493
8311534
8311811
8311892
8311987
8312120
8312226
8312249
8312323
8312391
8312731
8312756
8312970
8313059
8313216
8313257
8313286
8313378
8313583
8313633
8313884
8313962
8313989
8314405
8314668
8314693
8314736
8314755
8314866
8314902
8315194
8315237
8315646
8315869
8316096
8316286
8316372
8316388
8316679
8316766
8320613
8320761
8320841
8321026
8321073
8321396
8321414
8321490
8321709
8322177
8322336
8322564
8323096
8323398
8324116
8324305
8324335
8324490
8324694
8324733
8325609
8325913
8325950
8325962
8325986
8326151
8326273
8326299
8326404
8326411
8326487
8326663
8326698
8326834
8327010
8327753
8327880
8327906
8327932
8327990
8327995
8328003
8328323
8328325
8328376
8328443
8328688
8328826
8328834
8328994
8329267
8329346
8329391
8329399
8329506
8329532
8329561
8329578
8329596
8329693
8329696
8329748
8329841
8329971
8330123
8330370
8330380
8330463
8330576
8330640
8331075
8331112
8331188
8331274
8331322
8331396
8331406
8331407
8331430
8331471
8331475
8331534
8331561
8331570
8331588
8331644
8331715
8331981
8332007
8332141
8332276
8332279
8332383
8332459
8332547
8343785
8343931
8344042
8344231
8344551
8344611
8344638
8344905
8344972
8345272
8345337
8345370
8345414
8345418
8345419
8345663
8345817
8345902
8345997
8346064
8346347
8346510
8346913
8346921
8348555
8348611
8348699
8348887
8348888
8349155
8349311
8349498
8349688
8349893
8349926
8350026
8350261
8350288
8350363
8350452
8350495
8350517
8350527
8350612
8350642
8350907
8350958
8351067
8351076
8351156
8351157
8351171
8351387
8351396
8351450
8351578
8351772
8351919
8352386
8352437
8352531
8352595
8352615
8352767
8355053
8355058
8355134
8355207
8355308
8355323
8355408
8355458
8355527
8355810
8355845
8355911
8356004
8357948
8357978
8358086
8358143
8358702
8358772
8358878
8358946
8358967
8358996
8359016
8359252
8359307
8359332
8359398
8359402
8359525
8359544
8360344
8360433
8360515
8360716
8360720
8360838
8360850
8360859
8361777
8361863
8362204
8362524
8363187
8363239
8363450
8363546
8363812
8363889
8363961
8363992
8363997
8364115
8364359
8364367
8364390
8364437
8364439
8364837
8364888
8365058
8365196
8365200
8365343
8365433
8365769
8365796
8365884
8366011
8366205
8366288
8366321
8366840
8366946
8367282
8367302
8367410
8367445
8367477
8367679
8367833
8373526
8373723
8373806
8373808
8373965
8374119
8374139
8374430
8374484
8374551
8375055
8375438
8375488
8375533
8375772
8376279
8376286
8376389
8376854
8376893
8376901
8376985
8377096
8377174
8377228
8377279
8377348
8377394
8377436
8377481
8377562
8377598
8377619
8377620
8377714
8377959
8378549
8378588
8378670
8378684
8378721
8378726
8378805
8378832
8378929
8378945
8379133
8379146
8379165
8379219
8379412
8379434
8379561
8379640
8379900
8379927
8380058
8380195
8380342
8380482
8381264
8381372
8381383
8381561
8381999
8382075
8382212
8382253
8382388
8382508
8386158
8386196
8386249
8386371
8386382
8386623
8387658
8387683
8388184
8388857
8388901
8388971
8389423
8389426
8389547
8390045
8390096
8390322
8390367
8391251
8391949
8392447
8392519
8393226
8393504
8393582
8393583
8393626
8393629
8393794
8394011
8394130
8394241
8394272
8394724
8394753
8394810
8394931
8395014
8395082
8395096
8395107
8395160
8395198
8395467
8395516
8395577
8395808
8395994
8396113
8396230
8396385
8396437
8396614
8396834
8396973
8397017
8397953
8397988
8398043
8398221
8398257
8398321
8398535
8408783
8408931
8408953
8408982
8409191
8409288
8409406
8409479
8409779
8409813
8409965
8410107
8410368
8410374
8410800
8410950
8411016
8411073
8411245
8411253
8411410
8411859
8413642
8414005
8414029
8414062
8414216
8414492
8414685
8414696
8414845
8415004
8415058
8415114
8415119
8415336
8415344
8415404
8415474
8415665
8415690
8415754
8415768
8415771
8415867
8415885
8415906
8415982
8416021
8416152
8416220
8416293
8416310
8416357
8416393
8416409
8416717
8416788
8416925
8417053
8417171
8417564
8417719
8417933
8418062
8418082
8418220
8418241
8418317
8420490
8420659
8420660
8420690
8420730
8420734
8420801
8421129
8422920
8422949
8423087
8423138
8423213
8423343
8423344
8423373
8423378
8423587
8423600
8423789
8424180
8424215
8424242
8424356
8424389
8424483
8424542
8424593
8424645
8424687
8424805
8425061
8425062
8425175
8425456
8426021
8426293
8426595
8426720
8426755
8426760
8426761
8426774
8426776
8427256
8428148
8428347
8428419
8428580
8428612
8428689
8428737
8428992
8429240
8429280
8429330
8429350
8429435
8429513
8429578
8429583
8429597
8429646
8429812
8429816
8429843
8429890
8429927
8429937
8429994
8430057
8430355
8430358
8430369
8430660
8430899
8430932
8431125
8431192
8431229
8431457
8431466
8431561
8431675
8431771
8431776
8431806
8431860
8431966
8432040
8432126
8432159
8432188
8432201
8432209
8432320
8432343
8432607
8432609
8432622
8432759
8435338
8435400
8435563
8435568
8435582
8435699
8435766
8439107
8439520
8439618
8439719
8439817
8440019
8440195
8441073
8441089
8441150
8441718
8441730
8441786
8442437
8442470
8442524
8442689
8442695
8442718
8442720
8442954
8442985
8443130
8443253
8443495
8443778
8444013
8444017
8444085
8444218
8444286
8444703
8444782
8444868
8445151
8445367
8445389
8445917
8446087
8446325
8446656
8446863
8447096
8450394
8450502
8451118
8451777
8452125
8452592
8453009
8453635
8453739
8454322
8454353
8454354
8454710
8454832
8454916
8455395
8455594
8455627
8455848
8456020
8456181
8456198
8456954
8457754
8458220
8458445
8458496
8458506
8458514
8458756
8458918
8459393
8459550
8459697
8459782
8460058
8460153
8460290
8460357
8460377
8460467
8460727
8460788
8460811
8460830
8461241
8461279
8461439
8461492
8461571
8461627
8461741
8462696
8463091
8463272
8474262
8474556
8474573
8474659
8474661
8474674
8474733
8474737
8474863
8474897
8475062
8475179
8475297
8475335
8475559
8475609
8475689
8475826
8475850
8475920
8476061
8476114
8476384
8478491
8478506
8478717
8478761
8478906
8479145
8479326
8479329
8479476
8479646
8479655
8479679
8479719
8479852
8479863
8479873
8479908
8480027
8480050
8480184
8480187
8480230
8480235
8480250
8480263
8480301
8480439
8480520
8480627
8480776
8480976
8480978
8481042
8481095
8481170
8481173
8481178
8481304
8481446
8482088
8482142
8482332
8482464
8482482
8482540
8482555
8482565
8482603
8482607
8482634
8482756
8482804
8483132
8483140
8483237
8483285
8483322
8483502
8483557
8483588
8487222
8487242
8487307
8487692
8487874
8488719
8488978
8489759
8489886
8490133
8490237
8490255
8490518
8490775
8491013
8491142
8491152
8491221
8491286
8491288
8491330
8491374
8491447
8491470
8491472
8491479
8491487
8491619
8492542
8492694
8492880
8493268
8493287
8493414
8493434
8493735
8493800
8493876
8493976
8494063
8494206
8494217
8494236
8494243
8494280
8494489
8494510
8494562
8494769
8495131
8495734
8495770
8495819
8495823
8495840
8496805
8496834
8496845
8496931
8499503
8499590
8499716
8499780
8499905
8499956
8499971
8500111
8500137
8500291
8500438
8500575
8504543
8504653
8505315
8505485
8505530
8505643
8505814
8505845
8505930
8505997
8506076
8506214
8506391
8506454
8506486
8506556
8506821
8507003
8507034
8507040
8507576
8507636
8507684
8507967
8507971
8507979
8508009
8508228
8508291
8508316
8508350
8508360
8508380
8508418
8508494
8508502
8508587
8508612
8508843
8508865
8509106
8509469
8509620
8509703
8509726
8509736
8509821
8509824
8510051
8510109
8510160
8510200
8510278
8510500
8511079
8515183
8515296
8515327
8515505
8515516
8515537
8515703
8515775
8515880
8516349
8516922
8517490
8517688
8517693
8518323
8519261
8519743
8520065
8520464
8520681
8520954
8520982
8521226
8521887
8521906
8521933
8522066
8522256
8522358
8522409
8522497
8522537
8522546
8522745
8522878
8523039
8523058
8523168
8524297
8524427
8524452
8524560
8524635
8524712
8524793
8524904
8525019
8525024
8525114
8525122
8525400
8525606
8525674
8525677
8525752
8525764
8525837
8525939
8525973
8526143
8526241
8526572
8527166
8527276
8538820
8538859
8538910
8539852
8539889
8540081
8540180
8540204
8540218
8540503
8540616
8540644
8540908
8542794
8542952
8543098
8543102
8543267
8543617
8543777
8544201
8544537
8544569
8544600
8544685
8544804
8544875
8544884
8544896
8544934
8544935
8544968
8545145
8545457
8545494
8545640
8545651
8545657
8545660
8545691
8545795
8545846
8545915
8545949
8545988
8546052
8546136
8546195
8546464
8546511
8546579
8546792
8546981
8547278
8547383
8547418
8547606
8547842
8547947
8548079
8548111
8548407
8548432
8548541
8548558
8551898
8552050
8552053
8552109
8552163
8552180
8552365
8552633
8552739
8552756
8552791
8552910
8553150
8553229
8553548
8553675
8553817
8553926
8554105
8554218
8554303
8554366
8554413
8554446
8554513
8554554
8554752
8554778
8555073
8555120
8555264
8555291
8555360
8555473
8555621
8555749
8555785
8555903
8555935
8555999
8556009
8556127
8556146
8556261
8556311
8556779
8556908
8556910
8557124
8557140
8557141
8557171
8557280
8557900
8557980
8558210
8558419
8558589
8558594
8558883
8559403
8559444
8559463
8559849
8559962
8560027
8560043
8560044
8560092
8560153
8560194
8560364
8560480
8560652
8560657
8560658
8560806
8561019
8561132
8561234
8561262
8561453
8563763
8564020
8564113
8564261
8564290
8564404
8564441
8564484
8564714
8564722
8564835
8565075
8565138
8565177
8565204
8565205
8565235
8565304
8565330
8565506
8565615
8565683
8565723
8565884
8565900
8565924
8566072
8566083
8570087
8570134
8570211
8570253
8570268
8570354
8570515
8570575
8570781
8570937
8571004
8571031
8571125
8571134
8571146
8571220
8571323
8571408
8571421
8571480
8571503
8571584
8571599
8571616
8571705
8571710
8571729
8571759
8571795
8571822
8571989
8572066
8572216
8572338
8572389
8572400
8572658
8572875
8572934
8573021
8573064
8573090
8573114
8573184
8573442
8573782
8573946
8573948
8574353
8574423
8574557
8574569
8574589
8574747
8574794
8575061
8575103
8578964
8579304
8579697
8579717
8580143
8580320
8580531
8580866
8581207
8581232
8581393
8581480
8581544
8581545
8581668
8582064
8582143
8582151
8582224
8582348
8582406
8583304
8583756
8583911
8583918
8584005
8584127
8584206
8584222
8584439
8584509
8584610
8584615
8586530
8586605
8586745
8587196
8587356
8587729
8587777
8587787
8587886
8588031
8588590
8588660
8588799
8588806
8588940
8589002
8589265
8589526
8589530
8589616
8589799
8589933
8590037
8590149
8590274
8590354
8590594
8590663
8590678
8590762
8590880
8590985
8591038
8591146
8591198
8591304
8591404
8591486
8591498
8591667
8591865
8603745
8603873
8603975
8604020
8604028
8604175
8604363
8604386
8604474
8604510
8604575
8604645
8604799
8604805
8604877
8605042
8605188
8605229
8605289
8605302
8605400
8607302
8607410
8607443
8607456
8607558
8607718
8607834
8608140
8608258
8608312
8608348
8608411
8608488
8609313
8609504
8609534
8609558
8609607
8609611
8609752
8609845
8609852
8609873
8609985
8610152
8610168
8610178
8610216
8610251
8610359
8610368
8610382
8610473
8610545
8610585
8610634
8611126
8611190
8611202
8611233
8611237
8611277
8611548
8611555
8611564
8611714
8611876
8611921
8612070
8612073
8612187
8612228
8612572
8612667
8612716
8612788
8613236
8613455
8613466
8613520
8613545
8613712
8613751
8616386
8616553
8616682
8616706
8616731
8616755
8617049
8617165
8617190
8617196
8617331
8617463
8617476
8617502
8617530
8617622
8617679
8617691
8617771
8617862
8617910
8618000
8618052
8618092
8618120
8618279
8618388
8618399
8618494
8618873
8619737
8619739
8619745
8620220
8620260
8620472
8620480
8620514
8620757
8620810
8621213
8621385
8621422
8621440
8621618
8621656
8621739
8621825
8621836
8621906
8621939
8621969
8622058
8622268
8622616
8622980
8623058
8623737
8623883
8623993
8624272
8624485
8624745
8624758
8624825
8624902
8624914
8624918
8624959
8624967
8625059
8625099
8625136
8625143
8625650
8625726
8625793
8625833
8625930
8626052
8626338
8628468
8628550
8628780
8629098
8629171
8629191
8629244
8629307
8629380
8629424
8629503
8629552
8629597
8629619
8629635
8629722
8629771
8629795
8629865
8630217
8630529
8630863
8631083
8631144
8631330
8631500
8631563
8631644
8631645
8631765
8635480
8635719
8636046
8636241
8636243
8636245
8636303
8636406
8636417
8636744
8637014
8637041
8637098
8637151
8637331
8637776
8638173
8638217
8638263
8638477
8638911
8638974
8638992
8639155
8639250
8639408
8639443
8639487
8639919
8643814
8643851
8643878
8644135
8644204
8644505
8644565
8644597
8644911
8644943
8645076
8645339
8645674
8646141
8646213
8646725
8646895
8646981
8647149
8647154
8647244
8647629
8647972
8647976
8648321
8648934
8649002
8649266
8649858
8650156
8650925
8651471
8651813
8651921
8651993
8652532
8652639
8652847
8653039
8653183
8653307
8653387
8653455
8653750
8653845
8653929
8654079
8654122
8654265
8654283
8654522
8654790
8655076
8655082
8655192
8655259
8655337
8655370
8655375
8655422
8655457
8655458
8655534
8655619
8655666
8655794
8655810
8656004
8656361
8656375
8656391
8656421
8656425
8656546
8668720
8669095
8671919
8671960
8672023
8672278
8672566
8672632
8672678
8672839
8673358
8673495
8673525
8673557
8673571
8673891
8674230
8674241
8674303
8674406
8674787
8675083
8675681
