11198419
11198429
11198590
11198603
11198628
11198648
11198970
11199166
11199168
11199179
11199203
11199277
11199316
11199437
11199457
11199584
11200002
11200063
11200069
11200073
11200139
11200185
11200213
11200366
11200702
11200726
11204828
11204837
11205191
11205211
11205319
11205485
11205518
11205551
11205566
11205601
11205702
11206377
11228721
11229059
11229102
11229196
11229244
11230554
11230646
11230757
11230989
11231086
11231142
11231241
11231341
11231375
11231446
11231447
11231649
11231665
11231742
11231871
11232171
11232205
11232220
11232672
11233004
11233212
11233233
11233238
11233327
11233523
11233617
11233929
11233935
11233953
11233983
11234085
11234385
11234457
11234537
11234621
11234724
11234755
11234909
11234992
11235225
11235352
11235394
11235555
11235591
11235754
11235807
11235820
11235827
11235912
11235958
11235995
11236012
11236046
11236138
11236185
11236224
11236304
11236428
11236506
11236619
11236733
11236769
11236878
11237017
11237020
11237036
11237304
11237492
11240278
11240404
11240418
11240495
11240653
11240828
11240908
11240969
11240979
11241000
11241109
11241120
11241179
11241285
11241294
11241464
11241531
11241551
11241560
11241631
11241818
11242118
11242181
11242184
11242440
11242595
11242631
11242646
11242680
11242724
11242798
11242878
11242929
11242954
11243149
11243338
11243343
11243385
11243446
11243684
11243703
11243821
11243831
11243838
11243916
11243940
11243947
11244150
11244225
11244430
11244453
11244496
11244528
11244552
11244571
11244628
11244647
11244736
11244846
11244980
11245115
11245238
11245261
11245408
11245425
11245611
11245674
11245710
11246079
11246085
11246113
11246268
11246353
11246355
11246357
11247251
11247375
11247377
11247404
11249833
11250137
11250150
11250167
11250301
11250303
11250335
11250388
11250398
11250420
11251112
11251134
11251186
11251372
11251428
11251458
11251525
11251671
11251881
11251960
11252031
11252823
11253139
11253301
11253479
11253772
11253938
11253983
11254015
11254493
11255506
11255531
11255787
11256098
11259642
11259889
11259993
11260053
11260083
11260109
11283677
11283760
11283780
11283797
11283805
11283847
11284165
11284178
11284276
11284378
11284655
11284715
11284843
11284885
11284903
11284923
11285251
11285287
11285496
11285694
11285727
11285784
11285786
11285840
11285862
11285959
11285983
11286059
11286839
11286857
11287199
11287372
11287611
11287871
11287897
11288033
11288330
11288509
11288631
11288772
11289027
11289178
11289396
11289422
11289465
11289507
11289527
11289841
11290089
11290173
11290189
11290225
11290443
11293790
11293985
11294143
11294271
11294368
11294394
11294453
11294618
11294698
11294822
11294849
11295112
11295256
11295349
11295382
11295383
11295395
11295582
11295623
11295647
11295744
11295753
11295840
11295854
11295858
11295878
11295970
11296078
11296117
11296220
11296375
11296561
11296802
11297002
11297141
11297159
11297198
11297610
11297649
11297715
11297730
11297763
11297936
11298135
11298180
11298340
11298430
11298638
11298679
11298697
11298751
11298924
11299029
11299050
11299080
11299203
11299398
11299407
11299485
11299499
11299520
11299534
11299675
11299846
11299900
11300316
11302211
11302445
11302549
11302800
11302905
11303053
11303195
11303262
11303267
11303289
11303308
11303367
11303391
11303402
11303472
11303492
11303501
11303579
11303591
11303614
11303663
11303706
11303734
11303983
11304030
11304230
11304370
11304440
11304499
11304758
11304869
11305184
11305240
11305247
11305274
11305295
11305314
11305417
11305432
11305549
11305733
11305769
11305962
11306374
11306488
11306528
11306840
11306960
11307847
11308072
11308209
11308216
11308447
11308566
11308578
11308587
11308625
11308629
11308639
11308698
11308915
11309032
11309213
11336402
11336622
11337023
11337038
11337359
11337763
11337820
11338507
11338721
11338766
11339213
11339445
11340046
11340091
11340140
11340218
11340510
11340511
11340585
11340623
11340802
11340867
11340906
11340949
11340973
11340991
11340992
11341043
11341130
11341254
11341527
11341595
11341698
11341786
11341869
11342189
11342297
11342399
11342463
11342472
11342620
11342648
11342797
11342897
11343182
11343190
11343577
11347627
11347684
11347722
11347735
11347865
11347963
11348033
11348043
11348108
11348768
11348838
11349000
11349011
11349137
11349298
11349386
11349395
11349426
11349460
11349556
11349623
11349720
11349832
11350063
11350247
11350350
11350478
11350487
11350550
11350555
11350575
11350584
11350663
11351268
11351281
11351375
11351466
11351469
11351755
11351882
11352032
11352148
11352390
11352469
11352541
11352546
11352549
11352574
11352643
11352826
11352859
11353014
11353057
11353104
11353370
11355265
11355471
11355498
11355520
11355807
11355855
11355919
11355973
11356138
11356178
11356320
11356373
11356450
11356477
11356545
11356573
11356690
11356795
11356900
11357326
11357464
11357560
11357658
11357674
11357703
11357898
11357915
11358095
11358249
11358676
11358931
11359056
11359081
11359307
11359330
11359352
11359431
11359503
11359650
11359830
11359869
11360693
11360739
11360860
11360892
11360955
11360996
11361085
11361146
11361360
11361383
11361652
11362162
11362423
11362513
11362567
11362726
11362760
11362817
11362970
11363032
11389187
11389228
11389341
11389437
11389563
11389702
11390033
11390058
11390258
11390408
11390491
11390683
11390690
11390696
11390768
11390786
11390907
11390947
11390968
11391126
11391371
11391512
11391563
11391612
11391702
11391903
11392018
11392216
11392357
11392363
11392476
11392547
11393027
11393141
11393217
11393249
11393383
11393569
11393707
11393956
11394288
11394397
11394551
11394570
11394789
11394841
11394913
11395028
11395117
11395206
11395229
11395260
11395279
11395310
11395337
11395425
11395501
11395644
11395662
11395668
11395807
11395881
11395889
11396108
11397385
11397541
11397641
11397650
11397726
11400372
11400603
11400874
11401038
11401114
11401162
11401284
11401345
11401438
11401494
11401745
11401975
11402079
11402156
11402271
11402456
11402499
11402505
11402650
11402767
11402863
11402877
11402942
11403019
11403161
11403355
11403440
11403590
11403593
11403688
11403699
11403708
11403869
11403986
11404100
11404191
11404353
11404458
11404836
11404918
11405197
11405234
11405238
11405536
11405788
11407628
11407728
11407777
11407811
11407841
11407895
11407896
11407915
11408151
11408207
11408331
11408333
11408451
11408490
11408567
11408643
11408669
11408748
11408915
11408961
11409008
11409059
11409085
11409264
11409516
11409682
11409719
11409732
11409930
11410102
11410156
11410185
11410203
11410399
11410415
11410707
11411003
11411274
11411316
11411584
11411630
11411639
11411648
11411689
11411709
11411737
11411750
11411768
11411935
11411981
11412080
11412096
11412101
11412180
11412209
11412295
11413094
11413285
11413380
11413416
11413538
11413690
11413779
11413876
11413928
11413985
11414106
11414119
11414507
11414875
11414923
11415034
11415049
11415175
11415260
11415281
11415401
11415618
11415766
11415774
11415793
11416086
11416169
11416210
11416246
11416385
11416506
11441451
11441482
11441539
11441553
11441555
11441630
11441776
11441816
11441938
11442047
11442076
11442444
11442481
11442606
11442953
11443108
11443520
11443530
11443783
11443937
11444012
11444355
11444380
11444434
11444559
11444615
11444914
11444954
11444962
11445134
11445163
11445176
11445315
11445774
11445955
11445963
11445969
11446073
11446076
11446108
11446140
11446143
11446254
11446349
11446507
11446580
11446732
11446792
11446820
11446961
11446965
11446972
11447025
11447028
11447037
11447184
11447326
11447406
11447439
11447488
11447497
11447542
11447564
11447697
11447710
11447772
11447782
11447799
11447905
11447947
11448078
11448130
11448151
11448266
11448284
11450068
11450155
11450210
11450299
11450313
11450321
11450504
11453264
11453327
11453400
11453407
11453562
11453593
11453677
11453761
11453862
11454073
11454108
11454122
11454296
11454321
11454368
11454387
11454524
11454525
11454549
11454563
11454700
11454782
11455009
11455016
11455028
11455045
11455085
11455145
11455196
11455233
11455425
11455437
11455518
11455532
11455578
11455586
11455602
11455657
11455680
11455703
11455711
11455757
11455874
11455908
11455972
11456436
11456557
11456650
11456835
11456939
11457038
11457041
11457072
11457125
11457245
11457546
11457640
11457673
11459973
11460070
11460506
11460517
11460606
11461052
11461139
11461167
11461190
11461439
11461658
11461767
11461798
11461853
11461979
11462036
11462107
11462234
11462261
11462279
11462298
11462321
11462331
11462386
11462557
11462573
11462594
11462672
11462675
11462687
11462734
11462742
11462884
11463081
11463132
11463171
11463387
11463413
11463467
11463484
11463577
11463609
11463924
11464076
11464130
11464201
11464202
11464263
11464330
11465012
11465355
11465372
11465545
11465622
11465772
11465855
11465860
11465918
11465927
11465987
11466608
11466610
11466671
11467161
11467290
11467460
11467466
11467509
11467550
11467572
11467601
11467650
11467746
11467764
11467985
11468094
11468233
11468301
11468483
11468562
11468568
11468870
11468976
11469178
11469284
11493277
11493425
11493473
11493497
11493840
11494048
11494185
11494280
11494310
11494398
11494422
11494749
11495260
11495386
11495390
11495571
11495662
11495838
11495851
11495989
11496122
11496199
11496435
11496529
11496535
11496620
11496952
11497200
11497204
11497219
11497318
11497377
11497545
11498106
11498116
11498173
11498538
11498689
11498745
11498925
11499113
11499205
11499437
11499453
11499548
11499723
11501546
11501774
11501949
11502075
11502174
11502240
11502677
11502733
11505893
11506040
11506257
11506283
11506315
11506428
11506456
11506536
11506611
11506617
11506841
11506981
11507041
11507065
11507127
11507133
11507142
11507802
11507822
11507854
11507862
11507895
11507917
11507958
11508010
11508233
11508414
11508481
11508510
11508765
11508836
11508871
11508925
11508997
11509020
11509051
11509087
11509114
11509184
11509272
11509419
11509603
11509791
11512045
11512054
11512103
11512270
11512772
11512785
11512949
11513050
11513156
11513313
11513396
11513460
11513672
11513674
11513934
11514070
11514078
11514135
11514174
11514224
11514253
11514389
11514463
11514524
11514529
11514590
11514591
11514607
11514627
11514682
11514715
11514765
11514904
11515170
11515180
11515196
11515221
11515276
11515314
11515432
11515569
11515585
11515617
11515690
11516034
11516125
11516207
11516240
11516334
11516428
11516930
11516933
11517026
11517027
11517268
11517331
11517333
11517505
11517532
11517728
11517805
11517875
11517934
11518331
11518335
11518473
11518535
11518775
11518897
11518914
11518918
11519269
11519569
11519670
11519769
11519885
11520000
11520114
11520210
11520290
11520384
11520648
11520721
11521087
11521153
11521255
11521274
11521313
11521314
11521361
11521365
11521443
11521819
11546283
11546575
11546643
11547260
11547401
11547473
11547632
11547790
11547824
11547854
11547920
11547931
11548300
11548428
11548722
11548816
11548952
11548985
11549119
11549175
11549353
11549503
11549599
11549696
11549783
11549955
11550259
11550703
11550711
11551186
11551198
11551293
11551430
11551482
11551643
11551759
11553712
11553747
11553766
11553806
11554514
11554731
11554857
11554961
11555361
11555449
11555530
11557953
11558146
11558422
11558484
11558509
11558573
11558576
11558590
11558671
11558721
11558834
11558893
11558996
11559032
11559046
11559224
11559250
11559304
11559460
11559579
11559587
11559618
11559839
11559902
11559963
11559971
11560326
11560425
11560431
11560834
11560841
11560874
11560880
11560911
11560963
11560975
11561054
11561399
11563296
11563303
11563445
11563628
11563689
11563783
11563804
11563886
11563957
11563993
11564003
11564319
11564467
11564511
11564774
11564870
11564917
11564957
11565271
11565447
11565477
11565485
11565680
11565688
11566469
11566571
11566690
11566768
11566805
11566837
11566903
11567312
11567586
11568152
11568172
11568415
11568417
11568704
11568725
11568939
11568945
11568966
11569091
11569124
11569291
11569681
11569691
11569695
11569776
11569785
11569968
11570051
11570068
11570377
11570543
11570623
11570642
11570683
11570796
11571345
11571404
11571485
11571518
11571586
11571757
11571971
11572013
11572136
11572263
11572264
11572461
11572466
11572526
11572729
11572823
11597752
11598080
11598315
11598350
11598384
11598752
11598761
11598769
11599272
11599304
11599385
11599399
11599411
11599584
11599687
11599888
11599929
11599948
11599975
11600013
11600092
11600111
11600150
11600348
11600593
11600772
11600835
11600907
11600985
11601043
11601302
11601308
11601327
11601342
11601393
11601532
11601597
11601633
11601673
11601693
11601741
11601748
11601794
11602234
11602340
11602562
11602610
11602629
11602787
11602794
11602951
11603053
11603073
11603148
11603199
11603305
11605155
11605204
11605209
11605637
11605699
11605740
11605824
11605941
11606004
11606040
11606103
11606318
11606412
11606433
11606439
11606452
11606464
11606492
11606583
11606665
11606756
11606920
11606996
11607033
11607037
11607131
11607204
11607439
11610213
11610551
11610702
11610797
11610952
11610954
11611131
11611247
11611474
11611624
11611638
11611654
11611727
11612003
11612115
11612157
11612356
11612409
11612611
11612629
11612768
11614502
11615577
11615736
11615761
11616070
11616117
11616167
11616263
11616287
11616434
11616706
11616768
11616789
11616816
11616826
11616937
11617425
11617578
11617681
11617683
11617804
11617836
11617858
11617931
11618022
11618165
11618198
11618221
11618374
11618510
11618662
11618683
11618709
11618997
11619017
11619112
11619189
11619779
11619788
11619829
11619844
11619989
11620113
11620172
11620425
11620527
11620818
11620956
11621021
11621137
11621219
11621381
11621607
11622185
11622383
11622404
11622561
11622728
11623002
11623219
11623265
11623514
11623648
11623743
11623878
11624183
11624533
11624538
11649221
11649347
11649351
11649561
11649701
11649990
11650013
11650050
11650295
11650425
11650426
11650544
11650648
11650730
11650744
11650764
11650859
11651105
11651602
11651634
11651801
11652015
11652033
11652051
11652400
11652442
11652544
11652567
11652699
11652713
11652870
11653059
11653065
11653105
11653122
11653259
11653379
11653492
11653558
11653892
11653950
11654027
11655859
11655984
11656007
11656012
11656160
11656178
11656220
11656258
11656301
11656354
11656378
11656398
11656715
11656828
11657042
11657046
11657079
11657186
11657256
11657630
11657655
11657761
11657899
11658092
11658452
11658482
11658610
11658731
11658854
11658934
11661685
11661688
11661734
11662051
11662097
11662301
11662497
11662518
11662725
11662728
11662738
11662769
11662834
11662953
11663044
11663055
11663118
11663221
11663354
11663500
11663521
11663581
11663663
11665429
11665488
11665507
11665525
11665535
11665550
11665620
11665627
11665716
11665755
11665963
11666172
11666217
11666229
11666274
11666295
11666309
11666355
11666432
11666436
11666658
11666693
11666920
11666946
11667163
11667164
11667208
11667335
11667591
11667808
11668095
11668241
11668341
11668368
11668401
11668560
11668571
11668732
11668919
11668936
11668948
11669115
11669209
11669317
11669332
11669423
11669453
11669504
11670295
11670299
11670457
11670555
11670965
11671065
11671122
11671164
11671262
11671500
11671542
11671744
11671754
11671968
11672056
11672092
11672204
11672332
11672711
11672815
11673119
11673463
11674221
11674585
11674809
11674867
11674901
11700255
11700807
11701281
11701376
11701420
11701646
11701754
11701822
11702078
11702127
11702167
11702204
11702321
11702499
11702561
11702737
11702828
11702835
11702865
11702923
11703204
11703207
11703437
11703456
11703477
11703561
11703566
11703665
11703707
11703765
11703827
11703849
11703956
11703981
11704002
11704158
11704306
11704402
11706457
11706602
11706667
11706689
11706824
11707028
11707152
11707341
11707408
11707470
11707574
11707694
11707715
11707839
11707841
11707911
11708051
11708273
11708321
11708334
11708343
11708363
11708518
11708609
11708650
11708801
11708843
11708864
11709039
11709442
11709571
11709609
11709638
11709867
11709925
11710007
11710354
11713135
11713234
11713459
11713701
11713703
11713799
11713884
11713902
11713989
11714158
11714188
11714257
11714279
11714337
11714399
11716104
11716667
11716700
11717152
11717181
11717254
11717563
11717648
11717716
11717824
11718103
11718261
11718293
11718328
11719010
11719151
11719274
11719384
11719514
11719734
11719920
11719965
11719994
11720135
11720173
11720183
11720236
11720477
11721265
11721366
11721381
11721400
11721624
11721635
11721681
11721774
11721986
11722074
11722217
11722254
11722427
11722487
11722559
11722906
11722996
11723125
11723144
11723519
11723581
11723821
11723980
11724090
11724221
11724416
11724540
11724560
11724976
11725189
11725249
11725336
11725903
11725951
11725962
11726011
11726065
11726109
11726264
11751423
11751499
11751582
11751652
11751922
11751939
11751969
11751992
11752201
11752232
11752265
11752614
11752907
11752964
11753179
11753275
11753518
11753541
11753667
11753761
11753767
11753827
11753969
11754109
11754118
11754150
11754529
11754760
11754853
11754890
11755056
11755070
11755092
11755212
11755277
11756792
11756794
11757145
11757234
11757490
11757673
11757727
11757889
11757969
11758293
11758356
11758468
11758776
11758817
11758893
11758949
11759221
11759635
11759643
11759689
11760021
11760047
11760068
11760235
11760297
11760425
11760426
11760462
11760483
11760542
11760695
11760815
11760907
11761312
11763820
11763858
11763903
11763970
11764055
11764130
11764148
11764210
11764276
11764306
11764420
11764567
11764570
11766445
11766515
11766583
11766670
11766693
11766769
11766827
11766832
11766840
11766846
11766901
11767292
11767303
11767304
11767438
11767516
11767525
11767587
11767631
11767633
11767702
11768026
11768481
11768509
11768525
11768679
11768915
11769069
11769114
11769123
11769210
11769300
11769415
11769419
11769443
11769500
11769581
11769602
11769613
11769765
11769851
11769853
11769856
11769861
11769972
11770177
11770247
11770267
11770410
11770517
11770522
11771330
11771358
11771413
11772101
11772191
11772381
11772473
11772662
11772665
11772712
11772879
11773174
11773245
11773306
11773348
11773382
11773460
11773567
11773636
11773642
11773681
11773902
11774063
11774275
11774311
11774319
11774350
11774612
11774619
11774913
11774940
11774947
11775020
11775272
11775432
11775609
11775673
11775689
11775907
11775950
11776067
11802175
11802265
11802278
11802383
11802504
11802642
11802657
11802860
11802939
11803121
11803183
11803247
11803937
11804076
11804380
11804833
11804936
11804954
11805055
11805377
11805415
11805451
11805588
11805605
11805803
11805835
11806010
11807376
11807397
11807412
11807542
11807634
11807666
11807708
11807924
11808247
11808290
11808347
11808354
11808491
11808709
11808734
11808745
11808792
11808798
11808895
11809168
11809346
11809362
11809378
11809574
11809647
11809908
11809965
11809981
11810035
11810074
11810402
11810912
11810993
11811034
11811216
11811382
11811567
11811856
11811857
11812171
11812186
11812189
11812279
11812403
11815179
11815345
11817014
11817056
11817106
11817172
11817327
11817489
11817498
11817557
11817633
11817651
11817752
11818027
11818232
11818470
11818495
11818566
11818581
11818715
11818740
11818768
11818771
11818865
11818956
11819014
11819057
11819061
11819224
11819287
11819383
11819386
11819396
11819448
11819520
11819575
11819736
11819808
11819949
11819997
11820177
11820500
11820659
11820922
11820958
11821013
11821182
11821209
11821238
11821247
11821248
11821308
11821797
11821845
11821952
11822061
11822156
11822576
11822922
11823310
11823353
11823580
11823631
11823676
11823696
11823756
11823775
11823885
11824220
11824341
11824451
11824472
11824473
11825415
11825438
11825459
11826241
11826328
11826413
11826449
11826476
11826496
11826707
11852750
11852869
11852978
11853102
11853243
11853857
11853921
11853987
11854061
11854100
11854163
11854219
11854431
11854593
11854603
11854605
11854623
11854712
11854818
11855035
11855334
11855358
11855360
11855364
11855535
11855538
11855817
11855835
11855989
11855996
11856007
11856056
11856076
11856077
11856178
11857691
11858066
11858611
11858760
11858962
11859256
11859307
11859333
11859544
11859659
11859843
11859900
11859949
11859989
11860103
11860280
11860379
11860602
11860734
11860814
11860867
11860967
11861151
11861575
11861805
11861817
11861848
11861997
11862018
11862020
11862046
11862096
11862152
11862206
11862263
11862267
11862304
11862389
11862402
11862469
11862479
11862497
11862824
11862850
11862966
11867180
11867359
11867444
11867477
11867527
11867844
11868006
11868349
11868447
11868456
11868463
11868469
11868600
11868811
11868897
11869048
11869252
11869547
11869606
11869679
11869680
11869690
11869977
11870043
11870216
11870247
11870402
11870569
11870592
11870769
11870826
11870928
11870977
11871102
11871233
11871651
11871670
11871698
11871723
11872364
11872541
11872675
11873091
11873179
11873424
11873474
11873512
11873590
11873607
11873617
11873645
11873674
11873687
11873696
11873877
11873934
11874061
11874266
11874892
11875037
11875370
11875719
11875813
11876119
11876220
11876227
11876339
11903223
11903501
11903568
11903656
11903742
11903835
11904011
11904099
11904249
11904260
11904271
11904330
11904423
11904531
11904671
11904699
11904829
11904997
11905523
11905653
11905771
11905815
11905939
11906034
11907811
11908188
11908749
11908800
11909259
11909500
11909695
11909766
11909838
11909842
11910008
11910010
11910019
11910039
11910099
11910106
11910193
11910220
11910301
11910377
11910449
11910684
11910687
11910806
11910956
11911045
11911054
11911071
11911230
11911283
11911515
11911789
11912033
11912092
11912209
11912300
11912305
11912364
11912546
11912709
11912789
11912805
11912947
11913235
11913313
11913377
11913531
11913675
11913722
11913731
11913734
11916981
11917323
11917517
11917635
11917886
11918114
11918412
11918855
11918886
11918906
11918921
11918934
11919109
11919374
11919419
11919469
11919579
11919642
11919655
11919658
11919665
11919894
11919907
11919944
11920375
11920447
11920493
11920526
11920538
11920579
11920615
11920820
11921437
11921871
11922000
11922008
11922067
11922126
11922290
11922401
11922402
11922528
11922568
11922648
11922682
11922695
11922802
11922805
11922820
11923074
11923213
11923223
11923356
11923357
11923457
11923775
11923975
11924189
11924264
11924290
11924385
11924492
11924786
11924802
11925042
11925220
11925551
11925809
11925968
11926310
11953220
11953462
11953736
11953831
11954016
11954493
11954627
11954675
11954697
11954701
11954843
11954866
11955005
11955127
11955208
11955211
11955364
11955413
11956740
11956865
11956940
11957042
11957046
11957339
11957401
11957454
11957632
11958409
11958479
11958696
11958795
11958953
11958955
11958984
11958998
11959605
11959677
11959784
11960152
11960218
11960342
11960405
11960496
11960534
11960673
11960916
11961075
11961121
11961195
11961324
11961543
11961565
11961864
11961985
11962034
11962180
11962488
11962541
11962645
11963118
11963232
11963261
11963314
11963324
11963521
11966033
11966262
11966330
11966820
11966922
11966928
11967228
11967424
11967491
11967633
11967676
11967827
11968002
11968008
11968265
11968271
11968357
11968404
11968442
11968587
11968703
11968708
11968850
11968863
11968953
11968955
11969071
11969083
11969454
11969474
11969772
11969845
11969927
11970042
11970087
11970179
11970698
11970932
11970981
11971016
11971323
11971335
11971378
11971639
11971746
11971852
11971941
11972260
11972298
11972521
11972605
11972725
11972731
11972826
11973320
11973338
11973544
11973573
11973659
11973823
11973869
11973944
11973975
11974160
11974166
11974291
11974297
11974339
11974824
11974938
11975179
11975199
11975232
11975356
11975373
11975487
11975518
12003410
12003437
12003440
12003481
12003518
12003588
12003808
12004314
12004552
12004569
12004656
12004705
12004774
12004886
12004954
12004955
12005016
12006322
12006416
12006467
12006469
12006498
12006586
12006680
12006729
12006812
12006927
12007318
12007544
12007684
12008587
12008636
12008661
12008727
12008740
12008788
12008851
12008865
12008910
12009004
12009086
12009504
12009511
12009584
12009642
12009707
12009768
12009867
12010004
12010035
12010509
12010578
12010587
12010615
12010639
12010647
12010669
12010753
12010836
12011193
12011367
12011460
12011556
12011597
12011599
12011636
12011738
12011836
12011858
12011918
12011956
12011958
12012017
12012229
12012281
12012605
12012610
12012876
12012966
12013059
12013206
12013242
12013292
12013322
12013465
12016767
12016811
12017009
12017255
12017318
12017339
12017423
12017444
12017533
12017660
12017704
12017750
12017880
12017986
12018010
12018154
12018329
12018342
12018520
12018656
12018804
12018805
12018926
12019095
12019118
12019121
12019271
12019306
12019465
12019560
12019564
12019649
12020155
12020252
12020316
12020341
12020554
12020663
12020772
12020849
12021284
12021540
12021559
12021620
12021973
12022127
12022242
12022351
12022438
12022762
12022934
12022951
12022971
12023386
12023551
12023559
12023817
12023897
12023973
12024021
12024126
12024198
12024238
12024287
12024587
12052290
12052636
12052643
12052667
12052696
12052903
12053086
12053169
12053270
12053599
12055026
12055214
12055234
12055238
12055249
12055280
12055392
12055458
12055568
12055805
12056038
12056044
12056087
12056118
12056160
12056183
12056271
12056457
12056506
12056519
12056558
12056765
12056805
12057006
12057432
12057498
12057719
12058195
12058284
12058326
12058670
12058799
12058817
12058874
12059232
12059294
12059599
12059744
12059857
12059865
12059936
12059995
12060010
12060332
12060401
12060547
12060564
12060602
12060710
12060779
12060830
12060843
12060925
12060997
12061031
12061108
12061183
12061216
12061325
12061443
12061487
12061657
12061857
12061895
12061918
12061977
12061985
12062039
12062049
12062060
12062063
12062079
12062118
12062263
12062354
12062438
12062471
12062543
12065642
12066128
12066230
12066446
12066507
12066601
12066620
12066749
12066771
12066842
12066914
12067073
12067300
12067439
12067599
12067688
12068092
12068213
12068373
12068397
12068547
12068968
12069003
12069042
12069178
12069240
12069262
12069274
12069336
12069559
12069567
12069604
12069893
12069896
12069926
12070135
12070146
12070225
12070796
12070997
12071015
12071053
12071083
12071188
12071358
12071386
12071489
12071527
12071598
12071626
12071637
12071680
12071775
12071873
12071926
12072156
12072637
12072886
12072958
12072965
12073073
12073153
12073300
12073344
12073359
12073568
12073633
12073750
12073754
12102104
12102169
12102176
12102479
12102547
12102573
12102598
12102631
12102806
12102905
12102930
12103027
12103067
12104166
12104170
12104439
12104469
12104568
12104651
12104777
12104817
12104915
12104999
12105086
12105375
12105438
12105651
12105694
12105806
12105883
12106365
12106431
12106875
12107069
12107100
12107176
12107240
12107293
12107294
12107302
12107315
12107317
12107430
12107520
12107548
12107693
12107722
12107750
12108068
12108281
12108431
12108612
12108626
12108631
12108638
12108664
12108831
12108870
12108985
12109114
12109176
12109194
12109472
12109540
12109550
12109560
12109777
12109935
12109987
12109999
12110044
12110174
12110286
12110355
12110418
12110798
12110835
12110845
12110901
12110941
12110988
12111050
12111067
12111159
12111295
12111327
12111335
12111365
12115350
12115387
12115473
12115586
12115721
12115807
12115856
12115918
12115926
12115951
12116112
12116739
12116756
12117285
12117632
12117857
12117945
12118088
12118223
12118448
12118791
12118821
12118824
12118836
12118875
12118886
12118911
12118961
12118993
12119146
12119180
12119255
12119257
12119316
12119416
12119486
12119527
12119534
12119601
12119841
12119968
12120052
12120129
12120240
12120605
12120606
12120650
12120695
12120748
12120764
12120808
12120833
12120914
12120933
12120938
12121012
12121461
12121582
12121658
12121664
12121683
12121738
12121870
12121932
12121936
12121951
12122143
12122161
12122184
12122204
12122235
12150859
12150896
12150926
12152537
12152625
12152714
12152728
12152988
12153006
12153147
12153308
12153351
12153398
12153551
12153703
12153967
12154155
12154185
12154321
12154539
12154729
12154836
12155069
12155094
12155147
12155159
12155948
12156302
12156321
12156549
12156630
12156742
12157004
12157134
12157161
12157182
12157248
12157599
12157744
12157846
12158032
12158137
12158378
12158395
12158399
12158408
12158722
12159044
12159172
12159181
12159633
12159703
12159742
12159791
12159988
12164164
12164176
12164256
12164952
12165032
12165393
12165489
12165495
12165573
12165625
12165636
12166215
12166241
12166245
12166253
12166342
12166343
12166411
12166457
12166755
12166781
12166874
12166913
12166983
12167086
12167133
12167425
12167442
12167573
12167585
12167734
12167848
12167907
12167945
12168260
12168275
12168328
12168561
12168600
12168669
12168690
12168721
12168843
12168907
12168957
12168991
12169006
12169052
12169071
12169240
12169298
12169505
12169660
12169825
12169827
12170052
12170130
12170279
12170282
12170493
12170587
12170672
12170703
12170820
12200438
12201508
12201575
12201591
12201603
12201707
12201772
12201892
12201928
12201933
12202079
12202371
12202958
12203082
12203198
12203445
12203450
12203662
12203724
12203805
12203839
12203913
12203972
12203990
12204153
12204192
12204305
12204424
12204550
12204572
12204738
12204886
12204988
12205766
12205857
12205972
12206041
12206091
12206116
12206285
12206440
12206612
12206644
12206826
12206923
12207013
12207026
12207117
12207153
12207215
12207321
12207328
12207425
12207432
12207550
12207560
12207575
12207651
12207870
12208205
12208246
12208298
12208347
12208483
12208507
12208637
12208810
12208925
12213765
12214167
12214329
12214368
12214387
12214389
12214450
12214888
12214936
12215022
12215093
12215240
12215263
12215312
12215430
12215494
12215583
12215705
12215811
12215988
12216194
12216258
12216297
12216327
12216514
12216701
12216897
12216975
12217161
12217186
12217248
12217342
12217622
12217667
12217823
12217824
12217827
12217843
12217866
12217879
12218021
12218098
12218211
12218410
12218564
12218607
12218727
12218742
12218842
12218917
12218994
12218996
12219081
12219404
12251604
12251653
12251673
12251688
12251954
12251956
12251995
12252307
12252443
12252595
12252620
12252697
12252762
12252779
12253019
12253362
12253453
12253624
12253855
12253943
12253955
12253963
12254050
12254051
12254110
12254596
12254721
12254770
12254804
12254814
12254821
12254845
12254931
12254968
12255106
12255339
12255968
12255990
12256096
12256112
12256187
12256197
12256574
12256580
12256696
12256697
12257167
12257237
12257338
12257619
12257691
12257737
12258055
12258063
12258092
12258118
12258225
12258704
12264593
12264724
12264742
12264922
12265078
12265246
12265362
12265462
12265503
12265589
12265625
12265770
12265955
12265967
12265991
12265999
12266099
12266277
12266432
12266582
12266819
12266883
12266895
12267091
12267176
12267219
12267353
12267443
12267497
12267952
12268021
12268054
12268068
12268089
12268365
12268621
12268652
12300377
12300434
12300535
12300545
12300647
12300839
12300851
12300863
12301030
12301266
12301401
12301454
12301574
12301792
12301976
12302031
12302167
12302272
12302328
12302378
12302440
12302492
12302918
12303033
12303179
12303348
12303386
12303490
12303669
12303780
12303817
12303977
12304013
12304029
12304356
12304361
12304612
12305336
12305399
12305488
12305669
12305680
12305736
12305743
12305916
12306137
12306142
12306301
12306384
12306501
12306506
12306556
12306578
12306666
12306687
12306755
12306774
12306873
12306931
12306983
12306989
12307004
12307039
12307110
12307229
12307240
12307301
12307384
12307455
12307496
12307574
12314028
12314204
12314444
12314597
12314645
12314646
12314839
12314876
12314920
12315038
12315060
12315104
12315105
12315148
12315167
12315208
12315227
12315252
12315267
12315319
12315421
12315426
12315615
12315820
12316078
12316241
12316440
12316500
12316586
12316635
12316768
12316789
12316827
12317074
12317549
12317612
12317663
12317824
12317979
12349560
12349577
12349863
12350136
12350246
12350369
12350413
12350553
12350623
12350839
12350962
12350992
12351098
12351104
12351281
12351370
12351487
12351546
12351586
12351643
12351666
12351719
12351781
12352083
12352115
12352170
12353043
12353477
12353501
12353614
12353640
12353780
12353932
12353946
12354053
12354328
12354360
12354408
12354616
12354617
12355558
12355580
12355626
12355633
12355752
12355958
12356051
12356069
12356201
12356205
12356317
12356350
12356439
12356465
12356489
12356535
12356546
12356588
12356766
12356839
12356862
12357114
12357155
12365015
12365337
12365442
12365483
12365661
12365719
12365726
12365743
12365759
12365904
12366305
12366436
12366495
12366506
12366647
12366719
12366989
12366991
12367014
12367017
12367118
12367230
12367388
12367660
12367993
12368066
12400394
12400506
12400656
12400665
12400712
12400914
12400940
12401027
12401044
12401052
12401123
12401256
12401269
12401369
12401414
12401441
12401540
12401560
12401644
12401663
12402078
12402393
12402405
12402674
12402702
12402748
12402866
12402899
12403011
12403318
12403331
12403538
12403576
12403799
12403956
12403990
12404005
12404047
12404077
12404124
12404245
12404294
12404369
12404527
12404595
12404756
12404890
12404902
12405073
12405197
12405306
12405436
12405440
12405514
12405531
12405670
12405814
12406326
12406579
12406708
12407189
12407380
12407473
12407573
12407606
12407736
12416771
12416835
12416974
12417127
12417152
12417224
12417246
12417320
12417597
12417702
12417794
12417798
12417799
12418004
12418135
12418315
12418372
12418374
12418650
12418661
12418678
12418737
12418754
12418959
12419051
12419165
12453431
12453480
12453546
12453622
12453624
12453723
12453791
12453819
12453830
12453873
12453876
12453925
12454007
12454098
12454402
12454479
12454486
12454613
12454846
12454853
12455090
12455251
12455270
12455597
12455672
12456050
12456099
12456136
12456181
12456229
12456337
12456373
12456401
12456471
12456478
12456584
12456722
12456781
12457086
12457498
12457511
12457684
12457786
12458157
12458190
12458323
12458437
12458651
12458656
12458748
12458770
12458985
12459560
12459723
12459745
12459760
12459857
12459896
12460038
12460040
12460097
12469556
12469797
12469887
12470060
12470114
12470124
12470240
12470281
12470376
12470716
12470762
12470789
12470793
12470795
12471097
12471120
12503867
12504315
12504373
12504480
12505044
12505054
12505157
12505235
12505250
12505418
12505527
12505528
12505590
12505635
12505701
12505793
12505940
12505994
12505998
12506141
12506232
12506285
12506342
12506434
12506476
12506494
12506514
12506563
12506604
12506626
12506637
12506813
12506956
12506985
12506997
12507231
12507565
12507728
12507868
12507882
12508918
12509002
12509131
12509162
12509249
12509296
12509313
12520213
12552526
12552699
12552869
12553105
12553184
12553312
12553389
12553512
12554089
12554198
12554308
12554649
12554656
12554966
12555113
12555396
12555779
12555818
12556036
12556065
12556280
12556304
12556355
12556374
12556707
12556742
12556814
12556885
12556897
12556969
12557061
12557432
12557553
12598384
12598632
12598743
12598901
12598912
12598941
12598992
12599072
12599166
12599168
12599178
12599379
12599416
12599435
12599515
12599530
12599532
12599564
12599991
12599998
12600088
12600116
12600143
12600256
12600703
12600817
12600863
12601149
12601330
12601691
12601861
12601902
12601939
12602096
12602109
12602124
12602133
12602191
12602562
12602592
12602596
12602717
12602765
12602778
12602858
12603079
12603199
12643660
12643665
12643681
12643890
12643927
12643996
12644082
12644320
12644422
12644712
12644990
12645009
12645081
12645289
12645327
12645370
12645637
12645687
12645715
12645843
12645920
12646035
12646133
12646171
12646304
12646340
12646439
12646458
12646508
12646518
12647169
12647200
12647412
12647418
12647485
12647491
12647704
12647725
12647734
12647815
12688834
12688969
12689087
12689160
12689849
12689927
12689979
12690123
12690187
12690265
12690427
12690441
12690534
12691021
12691174
12691270
12691333
12691560
12691684
12691956
12734424
12734630
12735339
12735430
12735457
12735535
12735580
12735599
12735710
12735805
12735961
12736205
12736212
12736658
12736718
12736731
12736837
12736891
12736892
12736969
12737192
12737398
12782998
12783016
12783153
12783364
12783393
12783643
12783675
12783951
12784112
12784174
12784183
12784208
12784445
12784578
12784874
12785173
12785321
12833756
12833779
12833888
12834006
12834073
12834147
12834265
12835007
12883963
12884118
12884399
12884404
12884566
12884589
12884662
12884971
12934451
12934465
12934525
12934557
12934814
12984138
12984214
