757099
891916
892376
892713
892834
892882
893033
893165
893286
893383
893507
893559
893647
893676
1025986
1026146
1026474
1027016
1027330
1027631
1027740
1028018
1160891
1160947
1161620
1162051
1162635
1162715
1163090
1163303
1163579
1163994
1164102
1164356
1164363
1292018
1292666
1292688
1293671
1293861
1293907
1293993
1295069
1295195
1295289
1295333
1295597
1296255
1296491
1296787
1297058
1297166
1297303
1297347
1429092
1429153
1429589
1429893
1429921
1430330
1430349
1430893
1431060
1431116
1432022
1432091
1432278
1432469
1432551
1432700
1432745
1432847
1433040
1433104
1433642
1433899
1434259
1434277
1434286
1434708
1434976
1435229
1435260
1435272
1436140
1569682
1569863
1570026
1570150
1570191
1570349
1570466
1570529
1570915
1570924
1571003
1571364
1572114
1572433
1572558
1572802
1572895
1573478
1573742
1573836
1574646
1574944
1575580
1576108
1576796
1576970
1577265
1577315
1717515
1717999
1718071
1718354
1718367
1718401
1718520
1718828
1718985
1719166
1719358
1719697
1719974
1720196
1721558
1721614
1721795
1721879
1721911
1722506
1722735
1722816
1723845
1723908
1723978
1723993
1724720
1724975
1725133
1725207
1725376
1725688
1725997
1726035
1849159
1849238
1849386
1849500
1849547
1849581
1849590
1849610
1849785
1849885
1864087
1864124
1864305
1864951
1865136
1865174
1865206
1865305
1865325
1865477
1865519
1865663
1865674
1865698
1865864
1865925
1866058
1866182
1866535
1866924
1866985
1866986
1867120
1867210
1867358
1867462
1867521
1867630
1867645
1867740
1868524
1868579
1868785
1869183
1869231
1869607
1869783
1869933
1870028
1870480
1870952
1870957
1871091
1871120
1871176
1872192
1872349
1872433
1872530
1872547
1872781
1872802
1872885
1872974
1873523
1873543
1873656
1873925
1873987
1874365
1995089
1995126
1995155
1995340
1995351
1995443
1995526
1995840
1995845
1995910
1996162
1996492
1996574
1996721
1996760
1996773
1996936
2010152
2010374
2010577
2010579
2010738
2011417
2011440
2011618
2011878
2011901
2012093
2012265
2012565
2012631
2012690
2012731
2013263
2013284
2013503
2013577
2013627
2013754
2014065
2014087
2014203
2015025
2015098
2015124
2015302
2015703
2015767
2015883
2016219
2016248
2016452
2016522
2016599
2016657
2016678
2016979
2017135
2017246
2017659
2017692
2017803
2017860
2018383
2018446
2018492
2018631
2018685
2018701
2018799
2018827
2018930
2019297
2019349
2019481
2019504
2019608
2019720
2019761
2019881
2019900
2020185
2020638
2020830
2021099
2021157
2140389
2140686
2140897
2140909
2141003
2141150
2141179
2141193
2141655
2141753
2141787
2141812
2141852
2141865
2142026
2142091
2142372
2142451
2142633
2142663
2154965
2155064
2156061
2156529
2156537
2156685
2156718
2156807
2156839
2156848
2156879
2156933
2157356
2157495
2157508
2157676
2158047
2158059
2158067
2158543
2158548
2158566
2158641
2158750
2159257
2159486
2159852
2160105
2161569
2162268
2162377
2162907
2163101
2163326
2163444
2163610
2163634
2163644
2163706
2164031
2164227
2164522
2164604
2164726
2165095
2165356
2165357
2166322
2166339
2166371
2166534
2166932
2167151
2167600
2167693
2168263
2168638
2282652
2282712
2282919
2282944
2283092
2283166
2283186
2283362
2283541
2283650
2283703
2284312
2284644
2284829
2284882
2285598
2285931
2297232
2297468
2298013
2298305
2298664
2299540
2299738
2299823
2300039
2300072
2300253
2300440
2300631
2300770
2300835
2301119
2301143
2301367
2301389
2301512
2301872
2302108
2302281
2302288
2302665
2302787
2302794
2302851
2302901
2302942
2302997
2303102
2303139
2303279
2303311
2303352
2303459
2303936
2303988
2304140
2304422
2304576
2304604
2304757
2304915
2305167
2305498
2305760
2306205
2306569
2306621
2306953
2307197
2307249
2307464
2307701
2307837
2308152
2308603
2308980
2309030
2309152
2309173
2309404
2309478
2309568
2310013
2310187
2310259
2310456
2310497
2310639
2310822
2310874
2311117
2311350
2311508
2311530
2311578
2311842
2421862
2422296
2422382
2422709
2422998
2423549
2423836
2423839
2423885
2423951
2424289
2424302
2424309
2424682
2424688
2424793
2425184
2425185
2425196
2425386
2425407
2425504
2425537
2435893
2436635
2437044
2437209
2437234
2437270
2437317
2437329
2437359
2437996
2438151
2438272
2438757
2438873
2439094
2439140
2439144
2439469
2441337
2441409
2441470
2441562
2441648
2441830
2441862
2441864
2441891
2441989
2442004
2442165
2442210
2442297
2442551
2442569
2442726
2442866
2443037
2443181
2443364
2443403
2443534
2443863
2443935
2443939
2444084
2444328
2444406
2444428
2444517
2444597
2445004
2445019
2445101
2445329
2445385
2445598
2445647
2445782
2445992
2446436
2446577
2446733
2446898
2446934
2446957
2446970
2447586
2447596
2447723
2447838
2448052
2448113
2448186
2448299
2448311
2448416
2448426
2448874
2448958
2449047
2449053
2449471
2449818
2449849
2450157
2450384
2450530
2450531
2450836
2451037
2451424
2451734
2451759
2452034
2452118
2452505
2452901
2452920
2453079
2453267
2553816
2554123
2554481
2554730
2555004
2555400
2555454
2555523
2555568
2555722
2556113
2556123
2556126
2556166
2556279
2556702
2556755
2556953
2557335
2557350
2557669
2557960
2558016
2558273
2558314
2558623
2568503
2568519
2568708
2569737
2570108
2570277
2570536
2570846
2571155
2571417
2571548
2571934
2572318
2572352
2572490
2572681
2572877
2573437
2574013
2574420
2574427
2575164
2575433
2575518
2575836
2575926
2576013
2576328
2577005
2577210
2577383
2577743
2577795
2577892
2577900
2578235
2578270
2578300
2578319
2579453
2580928
2580997
2581014
2581037
2581101
2581298
2581444
2581883
2582166
2582231
2582987
2582995
2583553
2583655
2583667
2583777
2584115
2584118
2584183
2584190
2584513
2584692
2585256
2585386
2585447
2585767
2692271
2692400
2692403
2692672
2692675
2692704
2692708
2692772
2692818
2693402
2693535
2693758
2693993
2694114
2694414
2694536
2694606
2694675
2694746
2694810
2695006
2695222
2695439
2695478
2695622
2695885
2695955
2695959
2696205
2696717
2696719
2696734
2696932
2696944
2697096
2697236
2706738
2707130
2707526
2708172
2708367
2708573
2708595
2708787
2709654
2710101
2710323
2710327
2710341
2710447
2710607
2710765
2710992
2711131
2711249
2711354
2712178
2712582
2712795
2712799
2712825
2712904
2713086
2713163
2713187
2713304
2714000
2714019
2714022
2714077
2714170
2714250
2714367
2714431
2714725
2714860
2714887
2714932
2714947
2714951
2714954
2714955
2714994
2715070
2715108
2715113
2715251
2715319
2715382
2715686
2715701
2716319
2716338
2716857
2716872
2716979
2717009
2717094
2717423
2717448
2717563
2717816
2717854
2718110
2718155
2718311
2718392
2718397
2718678
2718781
2718866
2718924
2718935
2719016
2719353
2719461
2719755
2719811
2720099
2720162
2720200
2720230
2720762
2721129
2721319
2721454
2721668
2721918
2721978
2722074
2722098
2722192
2722262
2722663
2831113
2831133
2831370
2831377
2831498
2831979
2831983
2832099
2832175
2832398
2832402
2832433
2832484
2832511
2832720
2832741
2832899
2833766
2833811
2834075
2834343
2834481
2834564
2834580
2834612
2834637
2834754
2834778
2834805
2835051
2835177
2835228
2835254
2835274
2835393
2835656
2835746
2835893
2836098
2836230
2837126
2837133
2837831
2845525
2845689
2846319
2846491
2847074
2847186
2847349
2847357
2847383
2847416
2847757
2847764
2847891
2848223
2848839
2848973
2848999
2849148
2849193
2849432
2849433
2849477
2849573
2849645
2849692
2850097
2850321
2850516
2850590
2850700
2850788
2851161
2851273
2851278
2851576
2851750
2852336
2852669
2852862
2852942
2853317
2853668
2854255
2854518
2855022
2855029
2855272
2855385
2855572
2855826
2855835
2856209
2856379
2856479
2856635
2856716
2856774
2856964
2856995
2857107
2857109
2857168
2857612
2857896
2858134
2858327
2858531
2858597
2858741
2858882
2859019
2859024
2859045
2859114
2859670
2860135
2860384
2860414
2860485
2860541
2860547
2860579
2860654
2860660
2860930
2861126
2861880
2862021
2862041
2865225
2865234
2865280
2865498
2968611
2969169
2969347
2969638
2969839
2969989
2970403
2970670
2970901
2970908
2970955
2971272
2971484
2971717
2972175
2972471
2972773
2973297
2973361
2973432
2973500
2973605
2973800
2974284
2974459
2974471
2974935
2975849
2982628
2982816
2982913
2982925
2983000
2984144
2984308
2984505
2984626
2984632
2984669
2984755
2984778
2985262
2985366
2985493
2985814
2985935
2986071
2986505
2986883
2987123
2987160
2987300
2987327
2987548
2987754
2987856
2988084
2988144
2988301
2988326
2988458
2988768
2988826
2988964
2989266
2989438
2990192
2990810
2991083
2991092
2991281
2991809
2992222
2992347
2992393
2992433
2992648
2992668
2992964
2993133
2993172
2993430
2993436
2993897
2993904
2993984
2993986
2994087
2994391
2994452
2994548
2994666
2994678
2994712
2994746
2994798
2994919
2994952
2995169
2995185
2995460
2995592
2995603
2995823
2995846
2995880
2995964
2996004
2996104
2996143
2996183
2996210
2996288
2996339
2996580
2996950
2997195
2997239
2997726
2997910
2997925
2998133
2998208
2998253
2998285
2998428
2998474
3001755
3001926
3001955
3001977
3002245
3002516
3002789
3002959
3003043
3003084
3003231
3096278
3096409
3096443
3096944
3097210
3097214
3097331
3097355
3097429
3097572
3097645
3098004
3098263
3098833
3098888
3099180
3099294
3099491
3099533
3099900
3100188
3100219
3100268
3100411
3100479
3100608
3100623
3100698
3100994
3101007
3101129
3101646
3101830
3101911
3101992
3102063
3102080
3102108
3102149
3102534
3102595
3102596
3102715
3102749
3102763
3102998
3103228
3103260
3103637
3103684
3103752
3103831
3109618
3109825
3109924
3109945
3109997
3110319
3110505
3110573
3110684
3110687
3110870
3111017
3111031
3111275
3111399
3111555
3111610
3111655
3111819
3111995
3112017
3112106
3112131
3112256
3112821
3112828
3112830
3112866
3112890
3112894
3113248
3113301
3113602
3113668
3113947
3114095
3114204
3114252
3114357
3114409
3114769
3114894
3114916
3115288
3115294
3115493
3115606
3115664
3115669
3115879
3116135
3116289
3116383
3116390
3116513
3116544
3116575
3116601
3116989
3117139
3117173
3117514
3117576
3118532
3118654
3118732
3118883
3119227
3119250
3119264
3119307
3119308
3119585
3119838
3119943
3120162
3120177
3120356
3120402
3120513
3120608
3120841
3120893
3120913
3120960
3121035
3121430
3121467
3121813
3121861
3122367
3122575
3122611
3122822
3122854
3123038
3123128
3123191
3123231
3123292
3123619
3123647
3123675
3123878
3123886
3124010
3124032
3124126
3124465
3124482
3124825
3127549
3127783
3128078
3128129
3128176
3128226
3128265
3128281
3128488
3128547
3128576
3128814
3128830
3129064
3129238
3129279
3129539
3129566
3129594
3129710
3130258
3130280
3130343
3130345
3130391
3130425
3130531
3130966
3131124
3131180
3215660
3215756
3215845
3216081
3216700
3216838
3216960
3217161
3217178
3217404
3217410
3217593
3217767
3217777
3217852
3217974
3218129
3218308
3218997
3219127
3219324
3219400
3219476
3219558
3219619
3219623
3219798
3219941
3220035
3220742
3220757
3220938
3221302
3221352
3221538
3221541
3221638
3221915
3222103
3222369
3222400
3222441
3222610
3222635
3222875
3223000
3223374
3223447
3228409
3228485
3228585
3228752
3228918
3228931
3229346
3229363
3229769
3230050
3230069
3230351
3230356
3230797
3230903
3231338
3231403
3231738
3231750
3231836
3232211
3232231
3232364
3232383
3232491
3232697
3232835
3232965
3232979
3233234
3233302
3233304
3233400
3233437
3233588
3233612
3233725
3233809
3233853
3233908
3234086
3234193
3234338
3234449
3234477
3234506
3235295
3235526
3235821
3236302
3236385
3236788
3237465
3237523
3237993
3238010
3238059
3238591
3238686
3238689
3238690
3238975
3239040
3239214
3239219
3239557
3239857
3239926
3240156
3240305
3240460
3240468
3240559
3240615
3240623
3240635
3240801
3240837
3240964
3241079
3241226
3241630
3241714
3241761
3241774
3241791
3241975
3242039
3242050
3244968
3245000
3245054
3245090
3245095
3245254
3245458
3245638
3245714
3245830
3245894
3246083
3246252
3246430
3246721
3246867
3246930
3247095
3247139
3247263
3247306
3247752
3247769
3247780
3247782
3247798
3247807
3248038
3248210
3248225
3248885
3248972
3249044
3249744
3322667
3322892
3322943
3322957
3323108
3323215
3323248
3323358
3323808
3323908
3324423
3324744
3324843
3325261
3325344
3325382
3325677
3325851
3325981
3326108
3326330
3326394
3326413
3326975
3327068
3327092
3327681
3327742
3327828
3328203
3328210
3328254
3328295
3328418
3328711
3328827
3329192
3329253
3329412
3329431
3329439
3329643
3329839
3329985
3330233
3330261
3330377
3330409
3330414
3330572
3330620
3330773
3331221
3331247
3335194
3335263
3335426
3335574
3336001
3336146
3336226
3336238
3336334
3336441
3336483
3336651
3336705
3336849
3336937
3336983
3337487
3337548
3337564
3337674
3337733
3337749
3337855
3338191
3338421
3338702
3338822
3338877
3339107
3339186
3339276
3339529
3339737
3339823
3340117
3340154
3340593
3340641
3340670
3340793
3340807
3340902
3340951
3341040
3341249
3341270
3341455
3341998
3342210
3342211
3342325
3342430
3342628
3342636
3342690
3342779
3342894
3342952
3343074
3343108
3343185
3343245
3343392
3343417
3343620
3343664
3343950
3343967
3344220
3344245
3344364
3344505
3344747
3344826
3345553
3345693
3345928
3345985
3345990
3346032
3346103
3346241
3346255
3346415
3346556
3346631
3346688
3346762
3346780
3346897
3346918
3347046
3347332
3347738
3347804
3347855
3347881
3347938
3348014
3348273
3348288
3348478
3348533
3348787
3348826
3348835
3351682
3351787
3352122
3352189
3352231
3352947
3352959
3353043
3353379
3353480
3353584
3353601
3353724
3353800
3353930
3354358
3354459
3354495
3354605
3354855
3355476
3355507
3355784
3355796
3355837
3355907
3356010
3356111
3356258
3356435
3356518
3356592
3356810
3356825
3356832
3356936
3357062
3357261
3424027
3424159
3424335
3424397
3424763
3424832
3425058
3425147
3425290
3425312
3425365
3425393
3425449
3425520
3425578
3425623
3425688
3425850
3425887
3426044
3426503
3426677
3426820
3426874
3427211
3427654
3427759
3427772
3428019
3428093
3428127
3428255
3429259
3429369
3429573
3429856
3430095
3430216
3430287
3430301
3430394
3430730
3430893
3430923
3430973
3431662
3432028
3432077
3432084
3432666
3432697
3432760
3433179
3437392
3437548
3437693
3438247
3438249
3438452
3438815
3438817
3439126
3439745
3439831
3439878
3439965
3439981
3440074
3440357
3440429
3440811
3441128
3441303
3441340
3441350
3441423
3441504
3441795
3441868
3441906
3442034
3442151
3442269
3442285
3442697
3442846
3443012
3443137
3443207
3443230
3443439
3443467
3443637
3443788
3444025
3444569
3444665
3444822
3444884
3444978
3445068
3445089
3445237
3445443
3445497
3445863
3446150
3446366
3446966
3447283
3448058
3448086
3448132
3448193
3448323
3448404
3448510
3448634
3448684
3448710
3448722
3448787
3448897
3449001
3449076
3449221
3449249
3449352
3449877
3449953
3449982
3449988
3450000
3452803
3452854
3452906
3452970
3452975
3452996
3453026
3453047
3453185
3453260
3453320
3453401
3453569
3453588
3453592
3453619
3453682
3454297
3454742
3454793
3454941
3455074
3455147
3455199
3455345
3455419
3455456
3455483
3456068
3456560
3456628
3456711
3456881
3456930
3456972
3456988
3457317
3457337
3457355
3457493
3457693
3457746
3457752
3457878
3458161
3458200
3458299
3458422
3458489
3458698
3459050
3459068
3459113
3459143
3459311
3459504
3459709
3459775
3459831
3459866
3459917
3525783
3525786
3525849
3525933
3526143
3526312
3526337
3526459
3526465
3526472
3526481
3526570
3526685
3526826
3526901
3527038
3527088
3527214
3527281
3527308
3527470
3527577
3527829
3527869
3527979
3527993
3528068
3528198
3528588
3528673
3528848
3528986
3529003
3529021
3529147
3529497
3530244
3530387
3530398
3530481
3530492
3530640
3530659
3530780
3531176
3531315
3532032
3532480
3532555
3532892
3532922
3533109
3533183
3533195
3533220
3533398
3533437
3533483
3533494
3533498
3533534
3533551
3533706
3533848
3533948
3534089
3534117
3534131
3534192
3534259
3534276
3534605
3538913
3539172
3539331
3539360
3539475
3539494
3539521
3539632
3539770
3539802
3540012
3540349
3540472
3540672
3540709
3540728
3540780
3540789
3541086
3541121
3541346
3541550
3541607
3541628
3541742
3541805
3541894
3542050
3542117
3542119
3542309
3542352
3542365
3542480
3542520
3542700
3542788
3542928
3543070
3543198
3543331
3543989
3544208
3544323
3544416
3544418
3544426
3544635
3544657
3544778
3544785
3544878
3544895
3544900
3544925
3544959
3544968
3544989
3545004
3545170
3545427
3545443
3545519
3545589
3545593
3545603
3545682
3545729
3545832
3545840
3546192
3546318
3546390
3546419
3546532
3546722
3546753
3546821
3547303
3547599
3547642
3547685
3547702
3548062
3548078
3548134
3548321
3548357
3548410
3549707
3550041
3550155
3550386
3550393
3550411
3550478
3550598
3550668
3550782
3553456
3553553
3553852
3553858
3553900
3554114
3554203
3554353
3554660
3554716
3554828
3554849
3554966
3555013
3555115
3555261
3555275
3555340
3555512
3555517
3555678
3555732
3555965
3556011
3556242
3556349
3556533
3556742
3556864
3556980
3557043
3557197
3557209
3557283
3557305
3557532
3557836
3558162
3558213
3558383
3558452
3558510
3558637
3558789
3558958
3559181
3559301
3559318
3559411
3559482
3559535
3559635
3559754
3559995
3560068
3560290
3560479
3560481
3560504
3560620
3560763
3560871
3561307
3561719
3626094
3626314
3626374
3626508
3626670
3626713
3626825
3626871
3627030
3627035
3627256
3627277
3627577
3627704
3628076
3628110
3628249
3628296
3628324
3628371
3628598
3628745
3628756
3628812
3628867
3628915
3629063
3629100
3630029
3630259
3630375
3630402
3630782
3630998
3631401
3631421
3631596
3631700
3631844
3631993
3632054
3632145
3632538
3632632
3632637
3633150
3633364
3633375
3633395
3633695
3633847
3634196
3634308
3634402
3634449
3634755
3634987
3635031
3635134
3640606
3640863
3640967
3641239
3641346
3641452
3641720
3642324
3642639
3642661
3642695
3642808
3643000
3643036
3643710
3643774
3643810
3643949
3643982
3644539
3644734
3644781
3644849
3644877
3644884
3645171
3645519
3645649
3645684
3645778
3645924
3646034
3646055
3646069
3646181
3646421
3646734
3646779
3646781
3646785
3646848
3647234
3647317
3647409
3647505
3647773
3647812
3647967
3648000
3648018
3648125
3648212
3648249
3648289
3648376
3648419
3648600
3648712
3648721
3648748
3648810
3648913
3649046
3649308
3649453
3649517
3649769
3649886
3650111
3650347
3650746
3653768
3653880
3653897
3654030
3654034
3654151
3654361
3654515
3654549
3654893
3654979
3654993
3655043
3655170
3655290
3655570
3655731
3656048
3656112
3656115
3656134
3656181
3656253
3656267
3656293
3656391
3656620
3656905
3656989
3657178
3657215
3657547
3657652
3657830
3657834
3657843
3657922
3657985
3658065
3658166
3658413
3658447
3658536
3658723
3658743
3658853
3658906
3659077
3659182
3659186
3659210
3659298
3659328
3659418
3659481
3659532
3659543
3659811
3660108
3660142
3660161
3660253
3660320
3660392
3660458
3660476
3660477
3660493
3660521
3660527
3660624
3660677
3660784
3661135
3661158
3661244
3661300
3661327
3661418
3661551
3661790
3661936
3661945
3661983
3662035
3662048
3662726
3662790
3662956
3663102
3663123
3663185
3663215
3663270
3663495
3663517
3727538
3727606
3727801
3727875
3727878
3727886
3728419
3728634
3728906
3729156
3729229
3729339
3729742
3729755
3729847
3729909
3730371
3730378
3730390
3730392
3730423
3730613
3730614
3730616
3730841
3731429
3731432
3731563
3732344
3732474
3732492
3732966
3733157
3733169
3733191
3733346
3733363
3733537
3733547
3733735
3733753
3733870
3733924
3734260
3734393
3734460
3735010
3735299
3735431
3735674
3735720
3735768
3736200
3736208
3736360
3736746
3742890
3743207
3743324
3743381
3743502
3743511
3743513
3743803
3743810
3743828
3743840
3744112
3744489
3744505
3744648
3744693
3744781
3745093
3745222
3745244
3745416
3745742
3746248
3746345
3746445
3746682
3747118
3747153
3747163
3747181
3747208
3747337
3747474
3747974
3748172
3748458
3748509
3748592
3748664
3748717
3748728
3748918
3748982
3749022
3749207
3749348
3749389
3749576
3749587
3749823
3750232
3750393
3750536
3750594
3750727
3750792
3750812
3751053
3751151
3751192
3751212
3751247
3751292
3751557
3751593
3751669
3751682
3751945
3754946
3755195
3755243
3755492
3755604
3755704
3755787
3755806
3755935
3755983
3756034
3756040
3756228
3756668
3756669
3756866
3757251
3757256
3757370
3757468
3757521
3757533
3757729
3757788
3757951
3757987
3758197
3758242
3758245
3758291
3758361
3758364
3758437
3758443
3758528
3758610
3758694
3758987
3759394
3759595
3759859
3759969
3760188
3760354
3760500
3760509
3760639
3760677
3760726
3760753
3760764
3760794
3760829
3760925
3761341
3761576
3761657
3761893
3762056
3762059
3762095
3762575
3762696
3762750
3762903
3763109
3763209
3763563
3763679
3764025
3764105
3764108
3764501
3764597
3764779
3765014
3765054
3765134
3765324
3765424
3765691
3766048
3830783
3830862
3830954
3831289
3831534
3831660
3831820
3831832
3831911
3831986
3832386
3832463
3832499
3832631
3832957
3832966
3833224
3833253
3833434
3833581
3833738
3834169
3834291
3834431
3834448
3834843
3834893
3834913
3835071
3835841
3836276
3836450
3836727
3836772
3836862
3836915
3837134
3837215
3837240
3837400
3837496
3837507
3837583
3837702
3837722
3838004
3838047
3838258
3838274
3838294
3838616
3838876
3838956
3838965
3839042
3839098
3839850
3842433
3842537
3846936
3847077
3847319
3847487
3847513
3847522
3847568
3847612
3847678
3847757
3847763
3847994
3848121
3848164
3848202
3848243
3848294
3848476
3848775
3848987
3849014
3849223
3849302
3849415
3849447
3849705
3849795
3849860
3849876
3850344
3850386
3850464
3850559
3850643
3850692
3850729
3850853
3850974
3851223
3851255
3851768
3851816
3851910
3851953
3851993
3852064
3852116
3852175
3852240
3852328
3852447
3852712
3852865
3852970
3853006
3853207
3853372
3853373
3853405
3853598
3853638
3853682
3853740
3853835
3853838
3853935
3853938
3854052
3854106
3854437
3854496
3854646
3854669
3854725
3855009
3855097
3857784
3857900
3857945
3858086
3858156
3858601
3858614
3859043
3859088
3859112
3859213
3859336
3859797
3859858
3859875
3859934
3860071
3860092
3860601
3860718
3860761
3860868
3861036
3861127
3861163
3861257
3861397
3861523
3861684
3861937
3862382
3862523
3862599
3862679
3862793
3862856
3863082
3863456
3863613
3863642
3863819
3863877
3863879
3863928
3864122
3864140
3864347
3864428
3864443
3864666
3865311
3865498
3865529
3865546
3865623
3865665
3865770
3865815
3865878
3866082
3866210
3866582
3866601
3866609
3866661
3866723
3867031
3867064
3867698
3867901
3867930
3868041
3868242
3868387
3868474
3868684
3868940
3869030
3869044
3869055
3869099
3869311
3869529
3869549
3869616
3869649
3869684
3869729
3869826
3869847
3869879
3869891
3870005
3870074
3870338
3934090
3934203
3934593
3935388
3935471
3935496
3935499
3935671
3935682
3935803
3935817
3935818
3935855
3935942
3936063
3936317
3936349
3936562
3936583
3936610
3936637
3936696
3936743
3936993
3937110
3937612
3937717
3937977
3938103
3938116
3938161
3938241
3938354
3938458
3938911
3938925
3938944
3938951
3939069
3939581
3939647
3939839
3940002
3940072
3940372
3940502
3940630
3940849
3941415
3941575
3941928
3942111
3942170
3942178
3942324
3942368
3942388
3942405
3942571
3942722
3942724
3942818
3942959
3943223
3945594
3945784
3945791
3945818
3945837
3946030
3946127
3946130
3946233
3946262
3946300
3946621
3946684
3946749
3946894
3947026
3947244
3951412
3951444
3951476
3951571
3951599
3951622
3951905
3951918
3951940
3952212
3952269
3952304
3952334
3952513
3952521
3952614
3952795
3952897
3952899
3952954
3953725
3953916
3953970
3954112
3954211
3954217
3954265
3954277
3954449
3954596
3954933
3954954
3954961
3955066
3955183
3955253
3955397
3955439
3955563
3955797
3955879
3955880
3955891
3955937
3955962
3956072
3956166
3956260
3956336
3956883
3956991
3957090
3957108
3957214
3957292
3957622
3957755
3957896
3957968
3958406
3958507
3958523
3958527
3958657
3958707
3961175
3962330
3962433
3962516
3962580
3962715
3962932
3963203
3963214
3963303
3963387
3963398
3963786
3963996
3964067
3964085
3964327
3964335
3964492
3964500
3964684
3964737
3964772
3964800
3964954
3965018
3965122
3965197
3965200
3965229
3965300
3965556
3965796
3965861
3965863
3965916
3965951
3965971
3966019
3966021
3966548
3966594
3966673
3966704
3966726
3966749
3966950
3967018
3967294
3967564
3968283
3968326
3968466
3968521
3968552
3968730
3968731
3968792
3968865
3968932
3969103
3969140
3969150
3969430
3969563
3969704
3969787
3969974
3970054
3970376
3970397
3970424
3970457
3970621
3971153
3971383
3971389
3971392
3971446
3971772
3972207
3972229
3972391
3972414
3972432
3972913
3972999
3973090
3973141
3973174
3973209
3973260
3973681
3973772
3973928
3974043
3974277
3974332
3974401
3974567
3974758
3974804
3974987
3975292
4035503
4035587
4036313
4036339
4036520
4036544
4036736
4036873
4037277
4037407
4037745
4038050
4038324
4038439
4038557
4039461
4039576
4039593
4039624
4039677
4039834
4039883
4039966
4040636
4040647
4040823
4040928
4041342
4041351
4042141
4042283
4042610
4042747
4043151
4043389
4044075
4044108
4044261
4044678
4044840
4045182
4045214
4045241
4047652
4047900
4047949
4047976
4048325
4048591
4048899
4049025
4049087
4049158
4049563
4049576
4049772
4049895
4055045
4055312
4055390
4055609
4055669
4055827
4055870
4055989
4056004
4056151
4056224
4056361
4056373
4056422
4056639
4056791
4056841
4057231
4057295
4057479
4057524
4058934
4059037
4059038
4059277
4059386
4059416
4059496
4059778
4060155
4060241
4060371
4060749
4060857
4060941
4060965
4060994
4061267
4061322
4063667
4063764
4063858
4063899
4063974
4064149
4064422
4064861
4065126
4065607
4065705
4065922
4066245
4066261
4066312
4066422
4066601
4066629
4066712
4066814
4066922
4066932
4067203
4067474
4067493
4067498
4067699
4067808
4067869
4067878
4067894
4067938
4068018
4068252
4068256
4068261
4068354
4068391
4068611
4068696
4068727
4068743
4068842
4068967
4069078
4069081
4069204
4069636
4069688
4069875
4070043
4070250
4070633
4070789
4070811
4070853
4071061
4071395
4071524
4071556
4072179
4072377
4072380
4072573
4072694
4072765
4073219
4073332
4073383
4073584
4073750
4073767
4073812
4074068
4074400
4074640
4074944
4075014
4075096
4075303
4075539
4075608
4075613
4076261
4076377
4076420
4076613
4076672
4076697
4077001
4077255
4077460
4077780
4078034
4078087
4078175
4078358
4078620
4078769
4079165
4079172
4079437
4135549
4135583
4135605
4135608
4136141
4136396
4136659
4136712
4136749
4136957
4136986
4136992
4137216
4137504
4137573
4137679
4137929
4137959
4137964
4138387
4138537
4138549
4138564
4138576
4139090
4139155
4139254
4139325
4139375
4139384
4139476
4139683
4139690
4140528
4140660
4140811
4140876
4141101
4141464
4141480
4141498
4141663
4141760
4141845
4142137
4142457
4142675
4142730
4142809
4142890
4143052
4143075
4143167
4143298
4143369
4143604
4143910
4143981
4144094
4144238
4144241
4144355
4144791
4144893
4147163
4147277
4147537
4147857
4147960
4148125
4148191
4148235
4148277
4148290
4148317
4148474
4148551
4148580
4148766
4148847
4148863
4148888
4149184
4149286
4149355
4150136
4150250
4150268
4150703
4151067
4155235
4155647
4155694
4155751
4156209
4156529
4156796
4156945
4156952
4157021
4157044
4157147
4157308
4157460
4157534
4157739
4158180
4158317
4158372
4158384
4158803
4158847
4158949
4159288
4159298
4159693
4159885
4160250
4160723
4160772
4160821
4160866
4161122
4161180
4161236
4161376
4161497
4164310
4164369
4164424
4164511
4164522
4164540
4164627
4164762
4165502
4165527
4165739
4166132
4166365
4166395
4166578
4166598
4166704
4166719
4167954
4168016
4168020
4168112
4168513
4168640
4168675
4168690
4168758
4168890
4169115
4169150
4169171
4169219
4169258
4169315
4169440
4169852
4169884
4169930
4169964
4170180
4170346
4170511
4170760
4170773
4170785
4170868
4171170
4171191
4171693
4171717
4172050
4172210
4172405
4172535
4172536
4172549
4172730
4172889
4173199
4173307
4173344
4173466
4173626
4173901
4174051
4174234
4174254
4174461
4174467
4174582
4174717
4174751
4174973
4175145
4175216
4175398
4175473
4175517
4175557
4175589
4175618
4175707
4175741
4175803
4176093
4176145
4176483
4176499
4176646
4176804
4176960
4176978
4177188
4177645
4177970
4178216
4178418
4178442
4178645
4178648
4179238
4179279
4179525
4180289
4180601
4180718
4180780
4180810
4180942
4180978
4181085
4181211
4181240
4181245
4181289
4181749
4241182
4241315
4241333
4241497
4241503
4241662
4241726
4241801
4242173
4242297
4242491
4242514
4242640
4242806
4242828
4242852
4242943
4242953
4243104
4243336
4243354
4243462
4243465
4243508
4243697
4243944
4244311
4244430
4244458
4244594
4244723
4244761
4244814
4244837
4245449
4245556
4245790
4245945
4245970
4245987
4246478
4246554
4246813
4246864
4246911
4247106
4247444
4247815
4247816
4248293
4248442
4248763
4248871
4249145
4249232
4249282
4249303
4249525
4249602
4249702
4249749
4249928
4252390
4252659
4253160
4253385
4253418
4253515
4253549
4253694
4253705
4253804
4254223
4254317
4254321
4254680
4254709
4254813
4254871
4255219
4255241
4255244
4255259
4255379
4255487
4255664
4256388
4260753
4260947
4261467
4261763
4261825
4261960
4262484
4262615
4263103
4263364
4263407
4263703
4264462
4264634
4265143
4265387
4265675
4265713
4265771
4265815
4268621
4268631
4269291
4269435
4269448
4269663
4270312
4270464
4270543
4270689
4270698
4270733
4270782
4270851
4270924
4271063
4271079
4271085
4271133
4271218
4271258
4271439
4271465
4271485
4271491
4271550
4271582
4271667
4273156
4273347
4273882
4274263
4274340
4274367
4274394
4274461
4274589
4274622
4274884
4275197
4275230
4275254
4275360
4275542
4275681
4275734
4275823
4275867
4276009
4276035
4276164
4276251
4276282
4276419
4276756
4276769
4276976
4277445
4277543
4277595
4277623
4277862
4277932
4278166
4278178
4278232
4278891
4278901
4279048
4279066
4279114
4279154
4279354
4279582
4279612
4279649
4279852
4279856
4280026
4280347
4280487
4280515
4280576
4280588
4280748
4280926
4281026
4281301
4281425
4281518
4281593
4281634
4281652
4281750
4281783
4282143
4282145
4282146
4282190
4282463
4282643
4282716
4282827
4283025
4283067
4283120
4283234
4283242
4283320
4283417
4283612
4283688
4283751
4283752
4283965
4283986
4284107
4284190
4284211
4284323
4284371
4284405
4284458
4284493
4284521
4284968
4285156
4285178
4285257
4285286
4345018
4345025
4345109
4345222
4345276
4345411
4345483
4345966
4346765
4346803
4346809
4347040
4347202
4347249
4347313
4347340
4347520
4347564
4347607
4347634
4348175
4348431
4348595
4348801
4348906
4348974
4349043
4349124
4349469
4349780
4349785
4349935
4350042
4350046
4350158
4351053
4351056
4351278
4351296
4351367
4351394
4351414
4351434
4351676
4351886
4352127
4352163
4352328
4352472
4352552
4352629
4354841
4354858
4355025
4355120
4355232
4355338
4355362
4355501
4355503
4355611
4355696
4355844
4356109
4356128
4356391
4356399
4356597
4356698
4356743
4356750
4357102
4357275
4357354
4357520
4357578
4357600
4358325
4358360
4358494
4358823
4358855
4358874
4358963
4358965
4359072
4359244
4359359
4359491
4359719
4359838
4359846
4364377
4364467
4364517
4364627
4365239
4365331
4365436
4365571
4365655
4365860
4365932
4366329
4366418
4366445
4366496
4366698
4366811
4367157
4367205
4367215
4367426
4367551
4370481
4370514
4370617
4370718
4370853
4370861
4370970
4371005
4371280
4371436
4371528
4371622
4371625
4371785
4371990
4372156
4372164
4372200
4372213
4372221
4372247
4372257
4372327
4372374
4372541
4372559
4372606
4372620
4372825
4372876
4373059
4373474
4373508
4373539
4373708
4373841
4373846
4373853
4374168
4374245
4374634
4374659
4374768
4374959
4375010
4375221
4375358
4375393
4375925
4377458
4378227
4378237
4378560
4378621
4378778
4379301
4379415
4379451
4379480
4379526
4379563
4379575
4379599
4379710
4379868
4379896
4380053
4380069
4380214
4380542
4380558
4381114
4381273
4381324
4381358
4381416
4381686
4381741
4381745
4381780
4381911
4381927
4382351
4382416
4382426
4382579
4382617
4382700
4382785
4383012
4383096
4383118
4383248
4383270
4383319
4383349
4383380
4383431
4383792
4383803
4383823
4383982
4384167
4384168
4384398
4384427
4384517
4384523
4384825
4384832
4385158
4385250
4385472
4385761
4386137
4386313
4386382
4386659
4386947
4386960
4387448
4390744
4390927
4390962
4390969
4443393
4443484
4443489
4445667
4445785
4445884
4445917
4446004
4446263
4446295
4446299
4446411
4446687
4446857
4446877
4447139
4447240
4447361
4447405
4447852
4447913
4448105
4448256
4448283
4448346
4448528
4448670
4449181
4449224
4449356
4449377
4449749
4449752
4449778
4449829
4449958
4450028
4450034
4450048
4450625
4450799
4451232
4451401
4451434
4451525
4451655
4451746
4451916
4454890
4455018
4455167
4455274
4455394
4455561
4455709
4456111
4456137
4456269
4456286
4456427
4456519
4456788
4456983
4457061
4457446
4457475
4457582
4457606
4457722
4458155
4458225
4458346
4458629
4458638
4458639
4458878
4458921
4458935
4459063
4459146
4459343
4459394
4459448
4464268
4464528
4464530
4464825
4464927
4465188
4465314
4465419
4465454
4465539
4466272
4466333
4466498
4466733
4469290
4469337
4469638
4469825
4469840
4469921
4470289
4470477
4470499
4470587
4470609
4470764
4470832
4470964
4471058
4471313
4471447
4471487
4471619
4471741
4471819
4471850
4471979
4472233
4472239
4472254
4472371
4472375
4472504
4473193
4473355
4473359
4473475
4473525
4473631
4473811
4474033
4474039
4474127
4474200
4474292
4474898
4474916
4475010
4475573
4476013
4476088
4476193
4476369
4476546
4476884
4477083
4477148
4477178
4477211
4477339
4477362
4477511
4477735
4477753
4477830
4477910
4478142
4478202
4478229
4478262
4478334
4478397
4478457
4478464
4478661
4479046
4479073
4479178
4479670
4479685
4479727
4479881
4480068
4480218
4480250
4480434
4480475
4480561
4480575
4480672
4480683
4480706
4480769
4480783
4480814
4481350
4481854
4481954
4482203
4482348
4482881
4482903
4483211
4483256
4483262
4483658
4483841
4484814
4488006
4488363
4488580
4488660
4488884
4489036
4489051
4489414
4489603
4489821
4489840
4489844
4540355
4540488
4540508
4540592
4540598
4540705
4540727
4540728
4543058
4543084
4543171
4543226
4543236
4543412
4543577
4543599
4543619
4543661
4543732
4543737
4543822
4543879
4544170
4544623
4544757
4544783
4544859
4544938
4545145
4545210
4545266
4545410
4545433
4545649
4545964
4546129
4546250
4546285
4546432
4546462
4546501
4546591
4546642
4547219
4547322
4547377
4547380
4547416
4547500
4547660
4548088
4548442
4548458
4548572
4548600
4548647
4548654
4550909
4551172
4551202
4551390
4551429
4551563
4551645
4551723
4552031
4552267
4552395
4552478
4552562
4552791
4552953
4552970
4553072
4553079
4553110
4553205
4553286
4553344
4553377
4553972
4554031
4554156
4554367
4554425
4554441
4554595
4554789
4554830
4554845
4555540
4555566
4555661
4555662
4555711
4555772
4555954
4556245
4556354
4556365
4556556
4556608
4556638
4556677
4557025
4557336
4557341
4557406
4557559
4557623
4557653
4557905
4562228
4562244
4562317
4562715
4562852
4562989
4563006
4563134
4563188
4563261
4563391
4565726
4565873
4566051
4566244
4566277
4566436
4566689
4566691
4566756
4566878
4566906
4566990
4567004
4567165
4567224
4567303
4567393
4567431
4567480
4567703
4567714
4567772
4567796
4567902
4567997
4568380
4568467
4568694
4568748
4568835
4568936
4569063
4569115
4569119
4569334
4569337
4569477
4569579
4569596
4569690
4569759
4569832
4569914
4569930
4570046
4570179
4570311
4570519
4570633
4570825
4570914
4571091
4571097
4571194
4571281
4571333
4571351
4571353
4571520
4571573
4571655
4571780
4572001
4572074
4572196
4572221
4572427
4572489
4573501
4573862
4574070
4574081
4574202
4574211
4574319
4574344
4574486
4574656
4574664
4574797
4574976
4574996
4575197
4575669
4575886
4575944
4576056
4576126
4576331
4576367
4576596
4576686
4576715
4576988
4577094
4577230
4577324
4577669
4577742
4577768
4577818
4577860
4577914
4577963
4577969
4578048
4578088
4578324
4578491
4578925
4578999
4579228
4579434
4579703
4580015
4580018
4580911
4581122
4581295
4581344
4581413
4584955
4585145
4585160
4585486
4585515
4585631
4585662
4585727
4585905
4585976
4586691
4586741
4586745
4587448
4587805
4588047
4588070
4588115
4588387
4633285
4633446
4633478
4633577
4633585
4633803
4636464
4636482
4636485
4636699
4636771
4636938
4636995
4636996
4637495
4637506
4637550
4637591
4637644
4637804
4637812
4637845
4638279
4638325
4638392
4638608
4638835
4638884
4638965
4639017
4639022
4639098
4639136
4639283
4639291
4639311
4639536
4639598
4639615
4639738
4639776
4640018
4640044
4640082
4640084
4640185
4640723
4640877
4640914
4640983
4641091
4641097
4641098
4641210
4641383
4641431
4641447
4641519
4643753
4643916
4644171
4644174
4644300
4644548
4644662
4644715
4644800
4645045
4645328
4645366
4645400
4645626
4645733
4645792
4645823
4645878
4645952
4645964
4646077
4646333
4646578
4646657
4646799
4646804
4646848
4646881
4647084
4647133
4647309
4647313
4647381
4647645
4647851
4648209
4648234
4648415
4648466
4648469
4648663
4648747
4648759
4648919
4649071
4649154
4649171
4649173
4649279
4649302
4649344
4649468
4649548
4649625
4649635
4649711
4649749
4649800
4650270
4650281
4650327
4650342
4650350
4650679
4650704
4650944
4651014
4651273
4651312
4651334
4651398
4651519
4655612
4655697
4658536
4658537
4658549
4658673
4658768
4658920
4659416
4659454
4659485
4659505
4659530
4659608
4659635
4659697
4659705
4659838
4659851
4660012
4660038
4660071
4660242
4660255
4660304
4660413
4660441
4660560
4660693
4660797
4660819
4660838
4660971
4661053
4661213
4661301
4661392
4661432
4661511
4661703
4661980
4662248
4662416
4662431
4662448
4662822
4662885
4662945
4663211
4663291
4663406
4663537
4663969
4663999
4664200
4664396
4664405
4664466
4664471
4664636
4664679
4664775
4665056
4665568
4666185
4666400
4667313
4667393
4667689
4667796
4667989
4668003
4668066
4668131
4668481
4668496
4668801
4669007
4669176
4669317
4669532
4669820
4669977
4670008
4670019
4670457
4670468
4670712
4670813
4671009
4671186
4671361
4671547
4671579
4671612
4671891
4672010
4672626
4672706
4672795
4672900
4673107
4673231
4673262
4673560
4673751
4677074
4677281
4677300
4677478
4677820
4678241
4678455
4678677
4679110
4679233
4679696
4679711
4679834
4679850
4679943
4679988
4680268
4680494
4680642
4680747
4680753
4680923
4680991
4681041
4681067
4681121
4681294
4681298
4681327
4681385
4681502
4681711
4681993
4681994
4682056
4682430
4682854
4725292
4725531
4725734
4726009
4726114
4726589
4726803
4726945
4727007
4727032
4727129
4727175
4728952
4729962
4730248
4730331
4730961
4731294
4731303
4731525
4731586
4731622
4731929
4732150
4732250
4732363
4732422
4732475
4732733
4732759
4732914
4732983
4733023
4733445
4735754
4735815
4736074
4736137
4736201
4736363
4736457
4736527
4736554
4736615
4736809
4737215
4737236
4737378
4737440
4737595
4737789
4738249
4738722
4738781
4738796
4738909
4739088
4739187
4739202
4739269
4739323
4739347
4739683
4739768
4739885
4739906
4740019
4740364
4740375
4740598
4740688
4740780
4740871
4740878
4741034
4741260
4741455
4741541
4741565
4741576
4741685
4741839
4741942
4742000
4742186
4742311
4742436
4742533
4742541
4742655
4742705
4742800
4742829
4742888
4742905
4743081
4743097
4743116
4743123
4743267
4743351
4743356
4743400
4743401
4743682
4749898
4749912
4750012
4750043
4750239
4750406
4750570
4750609
4750751
4750909
4750938
4751044
4751196
4751492
4751552
4751558
4751599
4751604
4751659
4751745
4751822
4751968
4752038
4752155
4752279
4752284
4752424
4752465
4752512
4752647
4752714
4752967
4753561
4753633
4753734
4753787
4753792
4754054
4754115
4754117
4754134
4754378
4754501
4754691
4755210
4755216
4755222
4755270
4755287
4755422
4755441
4755493
4755515
4755749
4755907
4756072
4756112
4756171
4756232
4756243
4756244
4756274
4756519
4756644
4756732
4756833
4756862
4757017
4757021
4757032
4757305
4757340
4757567
4757568
4757619
4757665
4757792
4757871
4757923
4758324
4758361
4758421
4758531
4758719
4758852
4758926
4758956
4759114
4759201
4759349
4760140
4760242
4760493
4760642
4760660
4760900
4760945
4760946
4760952
4761031
4761046
4761084
4761142
4761172
4761207
4761269
4761373
4761588
4761862
4762130
4762283
4762445
4762608
4762609
4762986
4764033
4764328
4764523
4764652
4764938
4764960
4764969
4768149
4768453
4768583
4768671
4768708
4768794
4769007
4769169
4769228
4769372
4769443
4769794
4769998
4770022
4770187
4770232
4770260
4770372
4770589
4770674
4770707
4770881
4771030
4771183
4771196
4771201
4771241
4771705
4771930
4771949
4772476
4772599
4772808
4772834
4773065
4773100
4773240
4773250
4773282
4773369
4773376
4773395
4773427
4773623
4773789
4773990
4774321
4774370
4774574
4813536
4813853
4813961
4813990
4814109
4814214
4814376
4814895
4814913
4814934
4815134
4815154
4815548
4815670
4815947
4815965
4816200
4818131
4818236
4818326
4818462
4818576
4818604
4818671
4818740
4818821
4818927
4819040
4819182
4819423
4819454
4819498
4819507
4819528
4819564
4819602
4819766
4819916
4819950
4820062
4820170
4820175
4820318
4820642
4820690
4820741
4821181
4821187
4821247
4821932
4824034
4824160
4824868
4824987
4825286
4825478
4825741
4826185
4826429
4826451
4826706
4826941
4827004
4827123
4827160
4827161
4827453
4827662
4827759
4827910
4827974
4827981
4828160
4828323
4828576
4828743
4829303
4829425
4829488
4829624
4830016
4830190
4830306
4830550
4830690
4830696
4830721
4830840
4830928
4831185
4831198
4831251
4831272
4831331
4831454
4831551
4831557
4832355
4832452
4832493
4832572
4832873
4832949
4833336
4833344
4833367
4833652
4838376
4838459
4838549
4838854
4838860
4838873
4838980
4839411
4839493
4839508
4839663
4839799
4839912
4840049
4840359
4840365
4840377
4840439
4840518
4840519
4840575
4840779
4840991
4840994
4841064
4841110
4841289
4841399
4841651
4841663
4841734
4842061
4842151
4842164
4842168
4842185
4842204
4842407
4842623
4842793
4842829
4843152
4843255
4843454
4843462
4843480
4843557
4843645
4843751
4843944
4844032
4844130
4844263
4844287
4844407
4844458
4844526
4844677
4844798
4844951
4844987
4845003
4845361
4845396
4845401
4845555
4845559
4845723
4845734
4845849
4845877
4845904
4846015
4846150
4846236
4846427
4846450
4846452
4846539
4846603
4846813
4846926
4847057
4847058
4847078
4847205
4847250
4847369
4847465
4847522
4847794
4848105
4848270
4848285
4848325
4848778
4848902
4849896
4850024
4850194
4850358
4850463
4850488
4850610
4850755
4850882
4850888
4850965
4851007
4851029
4851089
4851349
4851356
4851365
4851397
4851418
4851535
4851785
4851894
4851941
4852019
4852055
4852133
4852283
4852299
4852315
4852379
4852834
4853320
4856601
4856897
4857132
4857168
4857335
4857336
4857405
4857428
4857525
4857845
4858243
4858525
4858820
4859022
4859190
4860175
4860414
4860903
4860907
4861072
4861096
4861172
4861287
4861723
4861988
4861991
4862089
4862155
4862206
4862255
4862325
4862737
4862742
4862765
4862789
4863001
4863193
4863241
4863260
4863369
4863454
4863614
4863833
4863836
4863874
4863931
4864033
4864449
4864462
4902014
4902017
4902053
4902072
4902090
4902107
4902158
4902183
4902371
4902609
4902670
4902806
4902877
4902925
4902976
4903070
4903181
4903183
4903203
4903847
4903896
4903956
4904000
4904088
4904293
4904345
4904484
4904647
4906883
4907159
4907576
4907577
4907633
4907642
4907701
4908089
4908565
4908726
4908997
4909186
4909253
4909364
4909473
4909498
4909515
4909608
4909851
4909931
4911881
4912049
4912069
4912088
4912254
4912387
4912593
4912650
4912674
4912729
4912962
4913528
4913533
4913740
4913910
4914029
4914239
4914415
4914474
4914490
4914606
4914771
4914882
4914938
4915301
4915545
4915573
4915600
4915749
4915765
4916165
4916269
4916312
4916384
4916439
4916470
4916845
4916857
4917139
4917145
4917213
4917316
4917357
4917400
4917525
4917600
4917619
4917808
4917825
4917878
4917889
4917957
4918016
4918088
4918154
4918196
4918333
4918343
4918685
4918802
4919039
4919060
4919183
4919184
4919190
4919241
4919320
4919361
4919440
4919569
4919739
4919809
4919905
4920131
4920186
4920396
4920474
4920506
4920812
4920839
4920946
4920949
4921090
4921105
4921143
4921174
4921216
4921273
4921468
4921578
4921615
4921698
4921935
4921997
4922001
4922031
4927000
4927267
4927286
4927448
4927782
4927784
4927841
4927862
4927891
4928225
4928249
4928560
4929092
4929508
4929615
4929638
4929747
4929808
4929819
4929905
4929952
4929989
4930364
4930424
4930514
4930524
4930531
4930551
4930560
4930663
4930802
4930913
4931047
4931104
4931190
4931205
4931285
4931303
4931385
4931390
4931722
4931729
4931743
4931767
4931768
4931856
4931864
4932034
4932095
4932105
4932114
4932225
4932287
4932300
4932309
4932476
4932500
4932557
4932821
4932837
4932942
4933027
4933065
4933068
4933069
4933113
4933169
4933358
4933476
4933568
4933657
4933813
4934110
4934374
4934630
4934715
4934731
4934790
4934807
4934935
4935168
4935189
4935198
4935306
4935316
4935322
4935398
4935479
4935543
4935578
4935813
4935950
4936020
4936057
4936264
4936488
4936672
4936756
4937255
4937270
4937520
4937564
4937716
4939349
4939472
4939537
4939539
4939621
4939764
4939810
4939907
4939923
4939945
4939982
4940113
4940318
4940319
4940597
4940698
4941099
4941180
4941223
4944582
4944586
4944689
4945026
4945118
4945266
4945398
4945547
4945607
4945639
4945934
4946028
4946140
4946165
4946341
4946382
4946401
4946469
4946483
4946516
4946811
4946992
4947154
4947394
4947417
4947612
4947622
4947841
4947915
4948088
4948108
4948138
4948236
4948407
4948914
4948991
4949004
4949027
4949054
4949187
4949214
4949295
4949350
4949391
4949544
4949553
4949568
4949766
4949769
4949887
4949894
4949934
4950074
4950101
4950289
4950295
4950322
4950326
4950433
4950661
4950850
4950853
4951047
4951110
4951301
4951372
4951383
4951385
4951466
4951643
4951776
4951915
4952019
4952020
4952208
4952214
4952538
4953018
4953091
4953193
4953211
4953282
4953358
4953935
4953998
4989204
4989768
4989856
4989879
4989930
4989977
4990023
4990204
4990452
4990484
4990563
4990601
4990855
4990857
4991079
4991083
4991163
4991196
4991326
4991436
4991533
4991624
4992056
4992153
4992237
4992743
4994506
4994563
4994641
4994806
4994975
4995199
4995346
4995418
4995581
4995749
4996722
4996874
4996878
4997082
4997281
4999351
4999366
4999529
4999595
4999917
5000199
5000404
5000413
5000486
5000569
5000804
5000815
5000970
5001018
5001737
5001752
5001754
5001832
5001945
5001976
5002206
5002557
5002643
5002747
5002805
5002869
5003319
5003793
5003889
5003920
5003985
5004096
5004136
5004165
5004189
5004397
5004478
5004533
5004687
5004796
5005054
5005219
5005332
5005335
5005406
5005430
5005557
5005594
5005731
5005736
5006008
5006347
5006384
5006502
5006559
5006634
5006676
5006728
5006765
5006875
5007050
5007122
5007471
5007505
5007640
5007731
5007875
5007913
5007922
5008172
5008368
5008470
5008575
5008665
5008689
5008736
5008740
5008938
5009133
5009157
5009162
5009366
5009403
5009619
5009642
5009677
5009702
5009839
5010036
5010137
5014693
5014699
5014857
5015037
5015062
5015084
5015099
5015402
5015405
5015560
5015564
5015632
5015695
5015744
5015764
5016061
5016098
5016444
5016839
5016917
5017523
5017876
5018101
5018226
5018442
5018454
5018572
5018683
5018711
5018956
5018976
5019013
5019170
5019183
5019285
5019288
5019422
5019547
5019716
5019722
5019807
5019871
5019933
5019968
5020113
5020179
5020403
5020480
5020593
5020760
5021010
5021109
5021115
5021286
5021371
5021613
5021623
5021784
5022132
5022316
5022454
5022778
5022916
5022943
5023113
5023483
5023486
5023552
5023691
5023772
5023806
5023985
5024079
5024084
5024173
5024202
5024254
5024263
5024607
5024641
5024668
5025209
5025233
5025523
5025643
5025692
5026081
5026088
5026139
5026187
5026303
5026306
5026396
5026776
5027063
5027441
5027511
5027600
5027606
5027650
5027658
5027715
5027857
5027948
5028135
5028174
5028183
5028289
5031870
5031916
5032042
5032068
5032343
5032822
5032853
5032950
5033166
5033179
5033191
5033311
5033359
5033412
5033470
5033671
5033898
5033905
5034263
5034284
5034340
5034559
5034847
5034864
5035237
5035339
5035505
5035733
5035763
5035870
5035937
5035938
5036092
5036291
5036393
5036496
5036928
5037114
5037294
5037423
5037511
5037589
5037709
5037740
5037878
5037959
5038074
5038190
5038288
5038493
5038571
5038584
5038672
5038679
5038695
5038734
5038858
5039033
5039222
5039262
5039684
5039689
5040156
5040378
5040480
5041192
5041658
5042015
5042037
5042255
5042270
5042276
5042629
5077535
5077615
5077772
5077889
5078254
5078391
5078404
5078414
5078498
5078594
5078666
5078938
5079124
5079238
5079428
5079500
5079661
5079733
5079951
5079986
5080003
5080470
5080500
5080798
5083085
5083330
5083480
5083626
5084070
5084131
5084199
5084601
5084775
5084923
5087108
5087223
5087394
5087424
5087430
5087582
5087941
5088049
5088147
5088368
5088520
5088530
5088563
5088644
5088806
5088912
5089026
5089301
5089311
5089905
5090326
5090828
5090873
5091218
5091569
5091586
5091741
5091839
5091897
5091941
5091947
5092105
5092279
5092403
5092700
5093036
5093163
5093376
5093410
5093512
5093519
5093599
5093851
5093932
5093963
5094011
5094047
5094136
5094231
5094276
5094301
5094427
5094433
5094483
5094486
5094579
5095098
5095111
5095193
5095243
5095561
5095919
5095968
5095980
5096151
5096204
5096452
5096578
5096873
5096924
5096978
5097045
5097104
5097229
5097310
5097379
5097584
5097629
5097827
5097897
5097943
5098150
5098163
5098253
5098378
5098410
5098460
5098587
5098783
5098880
5104230
5104302
5104321
5104348
5104629
5104637
5104638
5104647
5104709
5104951
5105083
5105118
5105209
5105216
5105251
5105459
5105638
5105797
5105805
5105817
5105935
5106172
5106360
5106436
5106485
5106550
5106576
5106592
5106721
5106729
5106731
5106755
5106934
5106958
5107035
5107198
5107334
5107349
5107452
5107846
5107869
5107920
5107944
5107956
5108114
5108185
5108317
5108380
5108451
5108624
5108665
5108740
5108769
5108945
5108981
5109231
5109357
5109502
5109521
5109854
5109927
5109962
5109984
5109996
5110034
5110065
5110116
5110245
5110267
5110283
5110496
5110509
5110704
5110724
5110832
5110849
5110877
5110882
5111192
5111396
5111544
5111815
5111890
5111932
5112104
5112117
5112157
5112451
5112541
5112553
5112738
5112995
5113001
5113378
5113809
5113825
5113843
5113902
5114054
5114070
5114159
5114456
5114470
5114491
5114591
5114994
5115008
5115044
5115189
5115300
5115335
5115501
5115607
5115642
5119861
5120190
5120608
5120654
5120793
5120867
5121003
5121051
5121173
5121239
5121586
5121711
5121791
5121964
5122110
5122276
5122808
5122859
5122990
5123323
5123435
5123624
5123682
5123819
5123838
5123884
5124013
5124109
5124299
5124342
5124351
5124372
5124509
5124568
5124735
5124907
5124949
5125098
5125100
5125261
5125441
5125727
5125783
5125870
5125902
5125948
5125990
5126149
5126225
5126279
5126303
5126426
5127106
5127332
5127367
5127513
5127794
5127807
5127812
5127939
5127947
5128051
5128086
5128159
5128550
5128886
5128966
5129687
5130326
5130466
5130472
5130771
5130844
5130888
5131026
5131330
5131463
5131480
5131600
5131601
5164397
5164410
5164536
5164618
5164701
5165017
5165452
5165604
5165628
5165799
5165870
5165872
5166247
5166347
5166452
5166567
5166815
5166861
5167126
5167364
5167837
5167899
5167941
5168334
5168524
5168614
5168620
5168630
5168677
5168723
5168796
5168799
5168890
5168931
5171232
5171285
5171330
5171478
5171493
5171499
5171623
5171653
5171744
5171909
5172170
5172426
5172447
5174376
5174424
5174443
5174476
5174665
5174847
5174959
5175379
5175427
5175503
5175576
5175607
5175667
5175758
5175788
5175929
5176067
5176204
5176547
5177000
5177065
5177193
5177213
5177314
5177340
5177475
5177573
5177593
5178042
5178403
5178501
5179059
5179087
5179375
5179392
5179517
5179584
5179724
5179841
5179847
5180156
5180305
5180524
5180528
5180727
5181086
5181111
5181545
5181547
5181576
5181889
5181930
5181964
5181985
5182126
5182135
5182286
5182328
5182476
5182604
5182718
5182799
5182822
5182832
5183039
5183169
5183190
5183315
5183364
5183524
5183536
5183729
5184256
5184292
5184384
5184498
5184526
5184740
5184832
5184882
5185067
5185153
5185228
5185309
5185561
5185609
5185642
5185653
5185743
5185901
5185991
5186075
5186098
5186104
5186152
5186378
5191975
5192095
5192454
5192476
5192516
5192567
5192595
5192614
5192642
5192836
5193053
5193112
5193446
5193491
5193550
5193690
5193735
5193770
5193887
5194090
5194220
5194246
5194270
5194444
5194631
5194645
5194698
5194710
5194762
5194925
5195194
5195410
5195478
5195727
5195758
5195885
5195911
5195941
5196068
5196150
5196288
5196442
5196573
5196646
5196745
5196838
5196929
5196991
5197187
5197342
5197637
5197666
5197672
5197844
5197876
5197884
5197917
5197925
5198027
5198141
5198168
5198231
5198246
5198377
5198546
5198592
5198609
5198654
5198662
5198683
5199174
5199217
5199265
5199273
5199359
5199571
5199830
5199960
5200038
5200154
5200160
5200184
5200185
5200198
5200207
5200237
5200296
5200500
5200508
5200554
5201047
5201075
5201089
5201163
5201375
5201496
5201501
5201593
5201596
5201676
5201677
5201695
5201711
5201897
5201952
5202421
5202754
5202826
5202885
5202930
5206257
5207114
5207255
5207271
5207287
5207289
5207294
5207655
5207828
5207889
5208115
5208171
5208177
5208456
5208749
5208819
5209115
5209208
5209214
5209218
5209632
5209916
5209980
5210045
5210066
5210109
5210152
5210507
5211083
5211089
5211460
5211564
5211598
5212336
5212670
5212725
5212823
5212828
5212855
5212948
5213142
5213320
5213362
5213402
5213532
5213946
5214262
5214604
5214951
5215024
5215209
5215283
5215305
5215367
5215565
5215632
5215669
5215699
5215867
5216008
5216146
5216662
5216664
5216777
5216891
5217106
5217120
5217206
5217286
5217512
5217910
5217960
5218365
5218486
5218618
5218626
5218871
5219046
5219067
5219084
5219484
5219691
5219825
5219874
5219921
5219979
5220061
5220311
5220315
5220528
5220531
5221138
5252332
5252367
5252412
5252732
5252803
5252845
5253013
5253082
5253360
5253434
5253722
5253839
5253844
5253858
5254000
5254089
5254208
5254210
5254309
5254375
5254398
5254668
5254818
5254896
5255259
5255326
5255363
5255412
5255454
5255469
5255876
5255939
5255954
5256478
5256565
5256849
5256967
5257119
5257177
5257199
5257265
5257373
5260180
5260359
5260403
5260476
5262539
5262543
5262561
5262701
5262739
5262779
5262912
5262939
5263060
5263150
5263331
5263440
5263650
5263732
5263749
5263770
5263815
5263823
5263899
5263998
5264013
5264059
5264312
5264392
5264478
5264482
5264537
5264738
5264764
5264776
5265063
5265188
5265212
5265288
5265306
5265409
5265726
5265774
5265818
5266003
5266013
5266322
5266341
5266549
5267544
5267816
5268015
5268037
5268358
5268387
5268581
5268680
5268696
5268780
5268904
5268955
5269222
5269411
5269492
5269609
5269670
5269971
5269979
5270059
5270192
5270685
5270719
5270833
5270858
5270913
5270991
5271040
5271138
5271270
5271316
5271362
5271534
5271731
5271737
5271767
5271780
5271947
5272326
5272400
5272434
5272453
5272458
5272493
5272556
5272778
5272914
5273059
5273087
5273097
5273102
5273131
5273178
5273184
5273296
5273446
5273473
5273487
5273677
5273739
5273758
5274142
5280983
5281167
5281361
5281403
5281475
5281517
5281537
5281643
5281714
5281811
5281818
5281958
5281966
5282007
5282039
5282045
5282148
5282229
5282285
5282297
5282313
5282345
5282827
5282849
5282890
5282952
5283112
5283113
5283141
5283268
5283331
5283351
5283399
5283406
5283568
5283930
5284103
5284217
5284449
5284595
5284823
5284840
5285056
5285116
5285194
5285359
5285380
5285394
5285693
5285707
5285744
5285768
5285825
5286138
5286142
5286275
5286368
5286386
5286398
5286548
5286550
5286679
5286949
5287033
5287185
5287248
5287296
5287440
5287460
5287542
5287615
5288041
5288638
5288735
5288744
5288880
5288896
5288957
5289138
5289416
5289857
5290060
5290153
5290338
5293988
5294203
5294937
5295023
5295061
5295082
5295303
5295397
5295400
5295439
5295670
5295688
5296036
5296288
5296299
5296356
5296446
5296455
5296510
5296631
5296943
5297117
5297346
5297448
5297474
5297523
5297791
5298217
5298316
5298349
5298426
5298650
5299062
5299252
5299265
5299443
5299628
5299656
5299905
5299919
5300023
5300176
5300219
5300709
5300719
5300806
5300910
5300919
5301075
5301216
5301441
5301474
5301484
5301635
5301752
5301756
5301884
5301955
5301961
5302013
5302032
5302101
5302556
5302622
5302704
5302725
5302789
5302828
5302931
5302946
5302973
5302974
5303881
5303920
5303942
5304150
5304359
5304548
5304860
5304977
5305064
5305128
5305185
5305237
5305318
5305510
5305764
5305939
5306127
5306240
5306368
5306429
5306770
5306787
5306889
5306932
5306984
5307007
5307319
5307537
5307615
5307816
5307845
5307896
5308049
5308255
5308270
5308344
5308533
5308886
5309077
5309078
5309483
5309646
5309693
5309731
5309796
5339846
5339870
5339921
5340107
5340379
5340403
5340502
5340581
5340862
5340961
5340992
5341053
5341426
5341647
5341666
5341753
5341795
5341829
5341893
5342009
5342160
5342223
5342574
5342611
5342892
5342922
5342975
5343239
5343453
5343801
5343973
5344012
5344022
5344075
5344087
5344105
5344110
5344211
5344559
5344609
5344612
5344704
5344752
5344895
5344906
5345130
5345182
5345351
5347887
5349731
5349767
5349769
5349773
5350100
5350161
5350199
5350479
5350571
5350727
5350736
5350780
5350816
5350822
5350995
5351023
5351034
5351109
5351136
5351226
5351399
5351450
5351584
5351738
5351929
5351969
5352027
5352084
5352130
5352137
5352151
5352283
5352346
5352480
5352500
5352540
5352626
5352676
5352687
5352708
5352889
5352909
5352999
5353023
5353137
5353192
5353335
5353432
5353518
5353558
5353686
5353874
5353938
5354075
5354154
5354491
5354574
5354845
5354939
5355882
5355998
5356058
5356535
5356586
5356823
5356878
5357108
5357275
5357279
5357446
5357530
5357718
5357848
5357850
5358110
5358149
5358169
5358474
5358860
5358965
5359075
5359275
5359451
5359456
5359490
5359817
5359818
5359848
5359857
5359933
5360129
5360232
5360388
5360478
5360491
5360976
5360981
5361056
5361249
5363864
5363995
5364017
5364217
5364331
5364578
5364579
5368862
5369179
5369220
5369301
5369438
5369565
5369760
5369795
5369858
5369969
5370055
5370098
5370116
5370236
5370315
5370512
5370683
5370690
5370701
5370753
5370867
5370922
5371013
5371102
5371212
5371225
5371597
5371717
5371796
5371837
5371906
5371918
5372018
5372048
5372081
5372086
5372208
5372290
5372310
5372518
5372623
5372687
5372726
5372728
5373028
5373045
5373246
5373390
5373525
5373555
5373561
5373570
5373635
5373740
5373741
5373962
5374075
5374110
5374501
5374608
5374713
5374723
5374749
5374789
5374809
5375049
5375131
5375352
5375490
5375515
5375660
5375675
5375947
5375950
5376018
5376156
5376533
5376811
5376851
5376873
5376911
5376971
5377021
5377130
5377140
5377209
5377367
5377596
5380443
5380921
5381046
5381077
5382582
5382589
5382591
5383022
5383031
5383048
5383054
5383372
5383408
5384016
5384035
5384039
5384341
5384366
5384593
5384604
5384707
5384782
5384991
5385051
5385113
5385151
5385172
5385187
5385509
5385647
5385792
5385826
5385838
5386327
5386403
5386712
5386779
5386959
5387112
5387183
5387249
5387482
5387550
5387695
5387853
5387905
5387919
5388018
5388072
5388229
5388256
5388347
5388485
5388760
5388787
5388891
5388908
5388916
5389030
5389066
5389068
5389086
5389250
5389693
5389826
5389872
5389958
5390272
5390342
5390458
5390660
5390672
5390878
5390913
5390988
5391550
5391602
5391708
5391780
5391808
5391814
5391822
5392265
5392320
5392387
5392402
5392431
5392453
5392723
5392936
5393025
5393102
5393159
5393354
5393544
5393609
5393631
5393802
5393984
5394048
5394186
5394284
5394435
5394683
5395009
5395033
5395120
5395337
5395409
5395490
5395519
5395645
5395681
5395858
5396090
5396479
5396516
5396800
5396882
5396894
5396951
5397064
5397106
5397172
5397422
5397765
5397900
5397905
5398063
5425643
5426018
5426168
5426352
5426356
5426423
5426665
5426926
5427241
5427364
5427387
5427445
5427524
5427586
5427596
5427641
5427753
5428192
5428199
5428358
5428470
5428575
5428657
5428808
5428929
5429100
5429227
5429312
5429605
5429882
5430087
5430154
5430242
5430282
5430495
5430611
5430836
5430849
5430895
5431390
5431581
5431598
5431741
5431749
5431793
5435597
5435923
5436247
5436508
5436582
5436688
5436702
5436946
5437025
5437200
5437243
5437354
5437459
5437613
5437787
5437830
5437831
5437849
5437956
5438121
5438146
5438179
5438187
5438247
5438471
5438940
5439384
5439433
5439684
5439722
5439836
5440027
5440042
5440099
5440151
5440162
5440165
5440362
5440365
5440434
5440599
5440630
5440651
5440674
5441028
5441058
5441351
5442026
5442366
5442580
5442808
5442880
5442973
5443320
5443408
5443444
5443486
5443678
5443759
5443858
5443980
5444190
5444191
5444276
5444303
5444699
5444940
5444950
5445048
5445312
5445334
5445340
5445348
5445367
5445520
5445867
5445929
5446504
5446518
5446657
5446681
5446798
5446821
5446881
5446908
5449288
5449651
5449910
5450114
5450178
5450195
5450334
5450347
5450651
5450680
5450764
5450769
5451141
5455407
5455870
5455898
5455967
5456134
5456247
5456253
5456269
5456359
5456689
5456726
5456757
5456998
5457051
5457269
5457281
5457329
5457337
5457374
5457388
5457393
5457402
5457537
5457628
5457799
5457823
5457986
5458101
5458458
5458573
5458576
5458813
5458843
5458882
5458946
5459126
5459134
5459164
5459288
5459293
5459300
5459480
5459534
5459562
5459593
5459612
5459729
5460010
5460121
5460237
5460315
5460638
5460828
5460829
5460947
5460974
5460990
5461285
5461454
5461481
5461699
5461759
5461840
5462125
5462169
5462274
5462286
5462311
5462312
5462411
5462536
5462597
5462649
5462650
5462662
5462670
5462834
5466012
5466017
5466109
5466243
5466687
5466688
5466770
5466914
5466948
5467219
5467257
5467375
5467490
5467495
5467710
5468084
5468089
5468127
5469402
5469501
5469546
5469562
5469689
5469721
5469748
5469863
5470013
5470021
5470396
5470414
5470620
5470641
5470752
5470767
5471016
5471091
5471373
5471468
5471519
5471960
5472014
5472185
5472305
5472428
5472644
5472917
5472950
5473087
5473119
5473157
5473278
5473342
5473443
5473584
5473611
5473615
5473743
5473865
5474120
5474188
5474205
5474291
5474298
5474302
5474356
5474416
5474533
5474672
5474775
5474812
5474872
5475123
5475158
5475185
5475346
5475620
5475628
5475667
5475786
5475788
5475795
5475817
5475843
5475958
5475985
5476125
5476288
5476473
5476635
5476815
5476835
5476920
5476949
5477315
5477590
5477662
5477673
5477741
5477872
5478269
5478310
5478337
5478460
5478788
5479106
5479304
5479440
5479668
5479699
5479714
5479766
5479819
5479831
5479935
5479950
5479971
5480080
5480126
5480203
5480272
5480273
5480275
5480282
5480340
5480481
5480545
5480766
5481001
5481013
5481285
5481375
5481424
5481482
5481995
5482295
5482302
5482330
5482415
5482420
5482447
5482494
5482802
5483179
5510789
5510843
5510898
5510904
5510966
5511275
5511366
5511414
5511530
5511600
5511702
5511752
5512161
5512283
5512406
5512409
5512501
5512513
5512558
5513074
5513085
5513094
5513586
5513611
5513612
5513638
5513769
5513890
5513892
5514134
5514252
5514807
5514866
5514871
5514976
5515000
5515077
5515133
5515466
5515881
5516027
5516329
5516520
5516714
5517211
5517340
5517361
5517480
5517561
5517608
5517635
5520450
5520544
5520736
5520823
5520881
5520896
5521096
5521447
5521501
5521600
5521644
5521874
5521966
5522034
5522339
5522469
5522492
5522519
5522608
5523048
5523319
5523471
5523571
5523658
5523873
5523937
5524212
5524340
5524498
5524546
5524810
5524851
5524879
5524901
5524945
5525160
5525577
5525655
5525716
5525733
5525754
5525755
5525818
5526020
5526411
5526428
5526727
5526772
5527100
5527107
5527289
5528061
5528100
5528123
5528183
5528318
5528477
5528867
5528897
5528922
5529014
5529047
5529084
5529318
5529385
5529408
5529415
5529426
5529501
5529590
5529672
5529682
5529894
5529898
5530076
5530330
5530334
5530366
5530420
5530516
5530536
5530576
5530623
5530683
5530713
5530714
5530723
5530734
5530806
5530809
5530832
5530974
5531145
5531152
5531281
5531282
5531560
5531567
5531616
5531826
5534204
5534656
5534783
5534792
5534914
5535083
5535212
5535404
5535418
5535547
5535735
5535786
5535915
5535947
5536038
5536125
5536250
5536266
5536282
5536388
5536695
5536977
5541569
5541881
5541914
5541919
5541981
5542059
5542224
5542488
5542491
5542496
5542557
5542732
5542787
5543056
5543095
5543141
5543332
5543337
5543371
5543483
5543638
5543652
5543693
5543840
5543958
5543966
5544060
5544227
5544326
5544356
5544408
5544539
5544545
5544572
5544637
5544711
5544866
5544985
5545072
5545295
5545794
5545902
5545946
5546055
5546338
5546464
5546502
5546506
5546521
5546539
5546828
5546944
5547013
5547209
5547424
5547482
5547510
5547525
5547697
5550330
5550563
5550756
5551222
5551555
5551661
5551698
5551779
5551827
5551885
5552024
5552125
5552358
5552485
5552488
5552552
5552761
5552801
5553228
5553294
5553303
5553327
5553330
5553362
5553367
5553445
5553598
5553633
5553834
5554027
5554125
5554382
5554798
5555629
5556241
5556265
5556342
5556425
5556463
5556704
5556760
5556976
5557006
5557145
5557151
5557167
5557222
5557240
5557251
5557290
5557392
5557472
5557597
5557729
5557754
5558152
5558191
5558263
5558294
5558350
5558494
5558498
5558542
5558768
5558801
5558914
5558962
5559056
5559057
5559280
5559446
5559529
5559631
5559671
5559868
5559935
5560110
5560161
5560269
5560273
5560399
5560421
5560472
5560507
5560560
5560719
5560731
5560747
5560850
5560853
5560934
5560966
5561188
5561276
5561695
5561755
5561896
5561899
5561963
5562069
5562149
5562396
5562457
5562625
5562735
5562776
5562796
5562842
5563041
5563059
5563209
5563561
5563578
5563615
5563780
5564047
5564082
5564089
5564111
5564427
5564492
5564732
5564784
5564913
5565098
5565100
5565247
5565315
5565387
5565416
5565429
5565606
5565731
5565734
5566014
5566277
5566397
5566412
5566531
5566672
5566775
5566839
5566913
5567065
5567130
5567165
5567231
5567685
5568016
5568259
5596373
5596422
5596546
5596558
5597140
5597401
5597604
5597879
5598026
5598145
5598173
5598269
5598360
5598500
5598537
5598971
5599658
5599675
5599683
5599851
5600162
5600675
5600785
5600905
5600992
5601648
5601723
5601728
5601851
5601906
5602310
5602459
5602666
5602894
5603110
5603238
5603295
5603326
5603441
5603484
5603605
5603639
5607145
5607266
5607335
5607395
5607520
5607575
5607649
5607833
5607906
5607957
5608002
5608021
5608037
5608171
5608384
5608469
5608478
5608479
5608710
5608865
5608986
5609183
5609446
5609753
5609774
5609936
5609941
5609982
5609986
5610169
5610261
5610815
5611092
5611371
5611481
5611569
5611572
5611966
5612111
5612298
5612448
5612478
5612501
5612508
5612641
5612776
5612865
5613033
5613039
5613218
5613297
5613405
5613532
5614003
5614602
5614903
5614968
5615202
5616132
5616190
5616198
5616280
5616412
5616423
5616432
5616441
5616471
5616494
5616540
5617044
5617377
5617378
5617426
5617510
5617716
5617797
5617801
5620329
5620470
5620587
5620591
5620678
5620706
5620711
5620809
5621043
5621054
5621105
5621180
5621194
5621213
5621528
5621950
5622031
5622276
5622300
5622640
5622707
5622709
5622796
5622915
5623130
5623209
5623254
5623300
5623538
5623556
5623589
5623852
5623915
5623991
5624031
5624091
5628536
5628677
5629017
5629172
5629465
5629808
5629838
5630274
5630291
5630306
5630323
5630544
5630581
5630611
5630676
5630766
5630944
5630953
5631042
5631087
5631339
5631519
5631580
5631701
5631970
5632035
5632050
5632110
5632118
5632288
5632313
5632377
5632529
5632939
5633131
5633167
5633179
5633326
5633401
5636577
5636734
5637012
5637094
5637306
5637313
5637317
5637468
5637589
5637591
5637725
5637772
5637805
5637994
5638061
5638257
5638494
5638632
5638654
5638854
5638856
5639370
5639444
5639518
5639794
5639968
5640166
5640284
5640552
5640626
5640636
5640782
5640849
5641239
5641273
5641513
5641606
5641801
5643118
5643201
5643230
5643492
5643711
5643801
5643917
5644133
5644193
5644384
5644602
5644758
5644966
5644969
5645052
5645063
5645372
5645776
5645796
5645927
5646001
5646013
5646125
5646170
5646176
5646300
5646350
5646678
5646687
5646890
5647107
5647432
5647463
5647662
5647711
5647952
5647960
5648294
5648350
5648400
5648491
5648509
5648616
5649085
5649114
5649155
5649271
5649301
5649456
5649723
5649757
5649849
5649926
5650200
5650341
5650411
5650483
5650816
5650888
5650930
5651175
5651229
5651304
5651496
5651627
5651921
5651940
5652411
5652439
5652737
5652786
5652795
5652832
5653629
5653693
5653796
5653884
5653964
5654027
5654092
5682469
5682476
5682521
5682522
5682812
5682841
5682876
5682921
5683152
5683346
5683390
5683734
5684288
5684887
5684988
5685114
5685194
5685339
5685446
5685509
5685699
5685704
5685799
5685838
5685898
5685924
5686072
5686578
5686723
5686724
5686800
5686889
5687468
5687528
5687665
5687723
5687809
5687909
5688032
5688298
5688440
5688534
5688775
5688792
5688840
5688849
5689016
5689116
5689211
5689219
5689517
5689764
5689849
5689996
5690057
5690067
5690085
5690106
5690315
5693059
5693155
5693196
5693289
5693353
5693438
5693603
5693740
5693773
5693804
5693869
5693894
5693926
5694104
5694127
5694225
5694392
5694562
5694839
5694892
5694957
5695028
5695060
5695085
5695091
5695154
5695159
5695372
5695600
5695673
5695719
5695850
5695896
5696013
5696194
5696303
5696316
5696518
5696590
5696614
5696716
5696777
5696797
5696992
5697071
5697161
5697225
5697395
5697489
5697538
5697553
5697900
5698015
5698325
5698515
5698607
5698707
5699086
5699242
5699396
5699595
5699890
5699934
5699984
5700025
5700158
5700315
5700588
5701405
5701440
5701773
5701870
5701892
5701925
5702005
5702188
5702236
5702405
5702461
5702483
5702501
5702550
5702730
5702872
5703135
5703160
5703216
5703234
5703256
5705590
5706047
5706167
5706292
5706517
5706628
5706632
5706841
5706891
5706892
5706895
5706921
5707094
5707147
5707412
5707580
5707620
5707706
5707985
5708183
5708509
5708546
5708815
5708923
5709012
5709066
5709103
5709127
5709187
5709193
5709204
5709283
5709496
5709521
5709547
5709582
5709611
5709882
5710228
5714912
5715088
5715483
5715508
5715597
5715630
5715640
5715686
5715725
5715752
5715763
5716073
5716131
5716224
5716285
5716461
5716492
5716734
5716875
5717017
5717044
5717218
5717253
5717352
5717638
5717647
5717765
5717786
5717832
5717844
5718054
5718076
5718262
5718325
5721447
5721498
5721501
5721610
5721805
5721863
5722327
5722394
5722533
5722668
5722703
5722767
5722953
5723085
5723096
5723199
5723318
5723667
5724060
5724158
5724212
5724339
5724407
5724456
5724462
5724813
5724836
5724837
5725202
5725370
5725440
5725611
5725672
5725846
5725977
5726023
5726143
5726279
5726373
5726484
5726498
5726557
5726723
5726850
5727139
5727211
5727413
5727611
5727684
5728073
5728079
5728231
5729397
5729898
5730015
5730371
5730380
5730530
5730566
5730753
5731359
5731633
5731643
5731960
5731978
5732052
5732178
5732553
5732636
5732659
5732672
5732773
5732782
5732812
5733083
5733090
5733223
5733828
5733972
5734151
5734370
5734417
5734690
5734976
5735063
5735222
5735286
5735717
5735725
5735996
5736112
5736188
5736425
5736643
5736728
5736868
5737193
5737442
5738091
5738138
5738209
5738426
5738431
5739031
5739054
5739251
5767489
5767509
5767580
5767689
5768008
5768082
5768295
5768459
5768996
5769151
5769206
5769252
5769267
5769476
5769480
5769712
5769953
5770018
5770515
5771149
5771150
5771775
5771915
5771956
5772278
5772578
5772806
5772911
5772927
5773058
5773086
5773135
5773403
5773422
5773489
5773502
5773656
5773661
5773784
5773914
5773940
5774321
5774421
5774525
5774569
5774594
5774752
5774815
5774937
5774954
5775294
5778943
5778952
5779130
5779298
5779308
5779510
5779615
5779623
5779711
5779723
5779809
5779962
5780084
5780123
5780169
5780194
5780245
5780269
5780381
5781140
5781516
5781559
5781739
5781749
5781851
5781874
5781895
5781991
5782096
5782134
5782223
5782377
5782434
5782501
5782570
5782660
5782710
5782933
5783181
5783428
5783430
5783432
5783528
5783802
5783884
5783919
5784065
5784101
5784220
5784225
5784252
5784256
5784274
5784457
5785346
5785418
5785481
5785688
5785806
5785910
5785926
5785952
5786072
5786132
5786235
5786369
5786382
5786510
5786765
5787054
5787337
5787689
5787762
5787868
5787950
5788010
5788095
5788112
5788323
5788363
5788426
5788471
5788648
5790645
5790939
5791099
5791190
5791231
5791308
5791390
5791430
5791529
5791696
5791712
5791714
5791720
5791769
5791940
5792079
5792102
5792108
5792146
5792242
5792243
5792250
5792307
5792311
5792430
5792550
5792658
5792983
5793299
5793322
5793463
5793518
5793552
5793668
5793702
5793716
5794238
5794265
5794279
5794519
5794566
5794597
5794625
5794687
5794792
5795198
5795235
5795237
5795259
5795353
5795447
5795522
5795551
5795572
5795615
5795707
5795898
5795920
5795922
5795968
5796208
5796268
5796522
5801273
5801326
5801452
5801455
5801501
5801509
5801599
5801606
5801643
5801747
5801876
5801940
5802008
5802107
5802116
5802147
5802191
5802280
5802304
5802346
5802398
5802426
5802438
5802784
5802921
5802955
5803144
5803208
5803334
5803540
5806573
5806765
5806860
5806861
5807077
5807172
5807205
5807208
5807262
5807377
5807464
5807731
5807795
5807917
5808113
5808142
5808236
5808396
5808416
5808421
5808439
5808571
5808667
5808673
5808791
5808975
5809018
5809111
5809367
5809372
5809564
5809567
5809573
5809695
5809758
5809967
5810112
5810113
5810184
5810272
5810383
5810671
5810714
5810806
5811025
5811127
5811262
5811270
5811352
5811371
5811462
5811650
5811660
5811893
5812016
5812244
5812344
5812648
5812654
5812785
5812868
5812944
5812973
5813059
5813106
5813286
5813705
5813937
5814100
5814568
5814596
5815118
5816139
5816144
5816179
5816474
5816667
5816706
5817197
5817210
5817221
5817243
5817274
5817457
5817657
5817841
5817844
5818017
5818042
5818116
5818165
5818415
5818573
5818756
5819004
5819013
5819256
5819969
5820068
5820449
5820540
5820546
5820605
5820848
5821056
5821441
5821557
5822286
5822633
5823237
5823474
5823587
5823769
5823825
5823958
5824113
5824155
5853070
5853270
5853459
5853603
5853692
5853829
5854107
5854163
5854296
5854528
5854755
5854943
5855128
5855221
5855522
5855611
5855808
5855841
5855851
5856013
5856143
5856480
5856823
5856836
5857501
5857537
5857622
5857836
5858217
5858266
5858533
5858897
5858970
5859067
5859371
5859537
5859556
5859728
5860069
5860163
5860296
5860349
5860441
5860763
5860847
5860848
5865193
5865324
5865556
5865613
5865729
5865886
5865937
5866001
5866180
5866245
5866603
5866636
5866655
5866969
5867131
5867278
5867284
5867346
5867472
5867742
5867759
5867825
5868105
5868669
5869079
5869160
5869301
5869314
5869410
5869658
5870102
5870299
5870541
5870568
5870587
5870707
5870791
5870899
5871088
5871116
5871245
5871463
5871510
5871794
5871915
5871957
5872006
5872023
5872074
5872194
5872292
5872435
5872521
5872544
5872666
5872720
5872905
5873158
5873470
5873642
5873644
5875933
5875951
5876057
5876243
5876359
5876367
5876377
5876614
5876621
5876629
5876824
5876831
5877026
5877283
5877337
5877510
5877514
5877533
5877741
5878143
5878178
5878396
5878421
5878476
5878506
5878550
5879067
5879274
5879318
5879321
5879323
5879402
5879477
5879535
5879574
5879661
5879967
5880025
5880107
5880374
5880444
5880467
5880537
5880661
5880666
5880698
5881031
5881169
5881201
5881211
5881276
5881377
5881384
5881665
5881670
5882343
5887519
5887692
5887703
5887742
5887965
5888187
5888194
5888212
5888258
5888264
5888317
5888355
5888474
5891243
5891265
5891396
5891611
5891780
5891785
5891901
5891914
5891917
5892011
5892096
5892340
5892439
5892538
5892675
5892916
5892953
5892974
5892991
5893006
5893430
5893500
5893570
5893899
5894141
5894155
5894184
5894341
5894407
5894449
5894530
5894682
5894972
5895289
5895344
5895623
5895632
5895712
5895719
5895761
5895809
5895891
5895919
5895924
5896291
5896387
5896439
5896579
5896585
5896684
5896951
5897056
5897218
5897396
5897530
5897788
5897804
5897952
5898014
5898374
5898395
5898578
5898706
5898763
5898935
5898953
5899254
5899323
5899436
5899495
5899553
5899971
5900212
5900261
5900518
5900600
5900909
5900965
5900994
5901840
5901887
5902029
5902301
5902460
5902488
5902629
5902749
5903162
5903453
5903459
5903649
5904275
5904434
5904478
5904654
5905093
5905140
5905179
5905217
5905229
5905382
5905418
5905536
5905644
5905728
5905768
5906026
5906103
5906138
5906502
5906557
5906598
5906714
5906771
5907353
5907373
5907636
5907868
5907881
5936645
5936852
5937046
5937213
5937224
5937264
5937679
5937709
5938440
5938531
5938683
5939072
5939163
5939623
5939661
5939736
5939919
5940173
5940176
5940344
5941062
5941214
5941226
5941354
5941510
5941661
5941712
5941726
5941861
5941911
5941928
5941978
5941980
5942172
5942176
5942225
5942346
5942806
5942891
5942985
5943174
5943307
5943359
5943512
5943622
5943863
5944041
5944337
5944563
5944731
5946568
5946671
5949537
5949617
5949881
5949967
5950024
5950226
5950287
5950320
5950459
5950533
5950539
5950604
5950605
5950611
5950695
5950779
5950818
5950833
5950914
5950936
5950982
5951140
5951259
5951314
5951459
5951750
5951951
5952244
5952369
5952385
5952534
5952853
5952987
5953007
5953100
5953138
5953282
5953307
5953422
5953426
5953430
5953556
5953596
5953631
5953849
5953934
5953966
5953990
5953993
5954017
5954222
5954552
5954624
5954795
5955110
5955122
5955175
5955379
5955427
5955695
5955846
5956051
5956062
5956125
5956142
5956339
5956385
5956587
5956680
5956717
5956727
5956957
5957137
5957220
5959491
5960062
5960066
5960236
5960420
5960592
5960713
5960718
5960988
5961066
5961146
5961286
5961373
5961866
5962022
5962040
5962129
5962157
5962223
5962532
5962587
5962674
5962682
5962714
5962877
5962956
5963116
5963253
5963267
5963360
5963456
5963469
5963565
5963726
5963742
5963915
5963923
5963951
5963970
5964024
5964063
5964346
5964511
5964539
5964598
5964656
5964675
5964734
5965012
5965047
5965087
5965471
5965500
5965533
5965629
5965897
5966043
5966302
5966352
5966432
5966824
5966912
5966921
5966966
5967447
5972292
5975314
5975523
5975663
5976189
5976379
5976413
5976467
5976530
5976621
5976705
5977073
5977477
5977527
5977859
5977899
5977935
5978154
5978209
5978266
5978312
5978390
5978395
5978423
5978436
5978533
5978549
5978682
5978777
5978815
5978913
5978947
5979001
5979251
5979488
5979561
5980128
5980165
5980354
5980361
5980410
5980509
5980631
5980882
5981126
5981151
5981224
5981268
5981295
5981515
5981595
5981636
5981689
5981819
5982073
5982132
5982241
5982499
5982557
5982901
5983143
5983256
5983410
5983447
5983877
5983969
5983993
5984278
5984356
5984357
5984358
5984483
5984589
5984603
5985197
5985363
5985398
5985601
5986246
5987205
5987383
5987529
5987983
5988255
5988330
5988566
5988860
5989099
5989187
5989323
5989391
5989401
5989570
5989694
5989769
5989889
5989914
5990218
5990313
5990487
5990853
5990918
5990956
5991070
5991079
5991314
5991422
5991479
5991528
5991932
6019796
6019923
6019999
6020045
6020153
6020256
6020410
6020456
6020556
6020636
6020929
6021387
6021570
6021728
6021738
6021786
6021812
6021852
6021874
6021998
6022110
6022419
6022596
6022651
6022971
6023350
6023369
6023436
6023441
6023713
6023956
6024170
6024238
6024382
6024455
6024482
6024496
6024737
6024752
6025092
6025130
6025177
6025335
6025375
6025389
6026059
6026065
6026138
6026154
6026213
6026443
6026814
6026859
6026869
6026981
6027033
6028942
6029002
6029024
6029105
6029297
6029338
6029563
6029617
6032302
6032373
6032448
6032666
6032882
6032907
6032916
6032920
6032946
6033031
6033083
6033205
6033233
6033361
6033372
6033614
6033699
6033801
6033873
6033907
6033969
6034120
6034193
6034257
6034341
6034565
6034587
6034767
6034849
6034912
6034933
6035145
6035214
6035247
6035253
6035464
6035466
6035535
6035563
6035716
6035754
6035769
6035837
6035844
6035912
6035968
6036286
6036770
6036776
6036812
6037009
6037036
6037132
6037240
6037470
6037612
6037624
6037633
6037748
6037987
6038049
6038153
6038200
6038269
6038325
6038355
6038432
6038486
6038568
6038810
6038844
6038860
6038870
6038882
6039091
6041469
6041551
6041560
6041761
6042068
6042361
6042542
6042691
6042798
6042898
6043010
6043099
6043153
6043159
6043337
6043445
6043464
6043531
6043538
6043547
6043574
6043632
6043749
6043782
6043850
6044049
6044117
6044222
6044252
6044714
6044739
6044768
6044844
6044882
6044941
6045006
6045059
6045209
6045223
6045247
6045309
6045323
6045333
6045384
6045400
6045412
6045682
6045909
6045936
6046093
6046541
6046643
6046845
6047135
6047142
6047166
6047186
6047628
6047663
6047786
6047788
6047929
6047951
6048135
6048439
6048460
6048561
6048648
6048734
6048834
6048902
6049025
6049116
6049366
6049546
6049678
6049803
6050088
6050230
6050594
6056983
6057020
6057113
6057250
6057293
6057369
6057567
6057598
6057755
6057893
6058482
6058659
6058691
6058830
6058987
6059055
6059270
6059644
6059649
6059842
6059860
6059892
6060010
6060042
6060193
6060431
6060473
6060845
6061042
6061047
6061107
6061178
6061253
6061774
6062048
6062157
6062185
6062189
6062292
6062306
6062348
6062399
6062401
6062495
6063081
6063190
6063217
6063228
6063322
6063326
6063385
6063533
6063741
6064051
6064171
6064473
6064684
6064844
6065010
6065223
6065478
6065523
6065706
6065787
6065934
6065960
6066629
6066772
6067029
6067067
6067087
6067247
6067277
6067321
6067378
6067634
6067911
6067942
6067956
6068038
6068144
6068204
6068383
6068592
6068628
6068775
6068947
6069985
6070129
6070392
6070594
6070653
6070714
6070740
6070981
6071132
6071394
6071557
6071604
6071791
6071803
6071856
6071998
6072164
6072268
6072388
6072451
6072535
6072647
6072702
6073006
6073090
6099785
6099826
6100291
6100483
6100515
6101163
6101173
6101389
6101530
6101661
6101722
6102338
6102697
6103297
6103862
6104110
6104115
6104198
6104287
6104322
6104429
6104455
6104531
6104631
6104771
6104859
6104927
6105145
6105180
6105433
6105540
6105715
6105994
6106040
6106318
6106614
6106619
6106623
6106869
6107000
6107137
6107266
6107280
6107350
6107355
6107421
6107716
6109501
6109686
6109799
6109806
6109908
6109998
6110200
6110207
6110415
6110449
6110816
6111092
6111127
6113867
6113908
6114020
